Time,Tau

91,909056,711
990924664,717
9909402
990815484,734
990831090,740
990846684,736
990862276,731
990877858,711
990893474,726
990909056,711
990924664,717
99094023990815484,734
990831090,740
990846684,736
990862276,731
990877858,711
990893474,726
990909056,711
990924664,717
990940230,688
990955826,683
990971420,681
990987042,700
991002632,685
991018224,681
991033822,680
991049406,670
991065020,682
991080598,658
991096212,671
991111816,677
991127408,670
991143012,671
991158630,688
991174236,696
991189844,702
991205462,715
991221056,709
991236676,729
991252270,725
991267898,740
991283496,744
991299112,761
991314694,746
991330322,769
991345900,750
991361516,763
991377118,768
991392718,766
991408294,742
991423916,763
991439502,752
991455098,749
991470694,744
991486290,739
991501884,733
991517464,719
991533060,712
991548664,716
991564246,700
991579836,696
991595444,702
991611022,681
991626630,688
991642212,673
991657806,669
991673404,663
991688998,659
991704596,660
991720194,658
991735808,669
991751394,655
991767008,667
991782622,684
991798226,686
991813818,676
991829434,692
991845054,711
991860648,705
991876240,697
991891846,703
991907456,712
991923086,739
991938668,720
991954288,738
991969894,746
991985500,751
992001100,742
992016698,746
992032314,761
992047918,767
992063520,766
992079118,767
992094706,755
992110318,768
992125908,754
992141514,761
992157108,757
992172704,755
992188298,750
992203894,744
992219486,737
992235080,733
992250672,727
992266274,719
992281860,712
992297440,696
992313034,693
992328640,700
992344222,680
992359818,675
992375414,675
992390998,661
992406608,667
992422220,678
992437808,669
992453408,670
992469010,671
992484600,660
992500214,674
992515808,670
992531426,686
992547044,700
992562638,694
992578244,703
992593854,709
992609444,702
992625064,717
992640660,715
992656278,732
992671884,734
992687504,751
992703096,747
992718698,751
992734314,762
992749904,753
992765506,754
992781106,757
992796716,765
992812316,763
992827912,761
992843496,749
992859116,765
992874700,749
992890282,732
992905874,729
992921480,735
992937074,725
992952656,709
992968260,717
992983856,712
992999446,695
993015030,686
993030638,694
993046220,681
993061804,666
993077412,671
993093024,681
993108610,671
993124208,671
993139822,681
993155424,683
993171014,675
993186630,690
993202222,679
993217826,684
993233458,713
993249064,719
993264664,710
993280264,716
993295872,723
993311466,720
993327058,714
993342690,740
993358284,734
993373888,741
993389494,746
993405082,734
993420686,736
993436302,753
993451914,765
993467490,740
993483100,750
993498700,749
993514284,738
993529882,732
993545478,728
993561086,735
993576668,721
993592262,716
993607856,709
993623460,713
993639056,711
993654646,705
993670226,685
993685822,680
993701430,689
993717022,684
993732618,679
993748214,673
993763824,683
993779424,683
993795010,671
993810620,679
993826208,667
993841810,672
993857412,674
993873030,686
993888620,679
993904252,709
993919856,711
993935462,715
993951068,720
993966652,709
993982270,724
993997886,728
994013472,723
994029090,740
994044672,726
994060302,751
994075908,755
994091486,736
994107112,765
994122706,756
994138306,754
994153906,754
994169518,768
994185104,755
994200702,750
994216310,758
994231894,746
994247500,753
994263090,734
994278676,728
994294282,733
994309864,719
994325456,713
994341054,706
994356656,709
994372236,696
994387830,690
994403424,683
994419032,690
994434628,688
994450226,685
994465810,671
994481408,667
994496996,655
994512620,681
994528196,660
994543810,669
994559416,673
994575018,680
994590612,673
994606230,686
994621834,692
994637428,689
994653060,716
994668644,699
994684276,726
994699882,735
994715476,730
994731082,732
994746688,738
994762294,742
994777898,749
994793498,749
994809128,774
994824718,765
994840306,757
994855918,765
994871528,775
994887114,762
994902712,762
994918294,747
994933892,740
994949472,723
994965078,732
994980660,716
994996288,730
995011848,703
995027456,708
995043032,694
995058640,699
995074232,690
995089828,685
995105436,695
995121044,702
995136628,684
995152212,671
995167810,671
995183408,671
995199022,679
995214610,669
995230224,684
995245828,688
995261440,691
995277034,692
995292628,685
995308246,704
995323856,710
995339446,702
995355056,707
995370646,704
995386266,720
995401872,723
995417476,728
995433070,725
995448676,728
995464292,742
995479896,745
995495498,747
995511102,752
995526690,738
995542302,751
995557888,738
995573500,751
995589084,737
995604694,742
995620288,738
995635884,736
995651466,720
995667072,723
995682666,717
995698246,705
995713856,711
995729446,702
995745054,707
995760646,702
995776228,688
995791836,696
995807432,688
995823040,696
995838636,697
995854210,672
995869822,679
995885436,691
995901010,672
995916636,697
995932228,685
995947820,677
995963436,696
995979042,701
995994646,694
996010242,697
996025860,712
996041456,712
996057060,716
996072666,719
996088286,736
996103892,744
996119486,738
996135090,740
996150708,756
996166324,774
996181902,753
996197518,764
996213104,753
996228704,755
996244304,755
996259918,762
996275498,747
996291094,744
996306692,743
996322272,727
996337868,719
996353474,725
996369066,721
996384648,706
996400266,717
996415858,711
996431428,688
996447034,694
996462616,677
996478234,692
996493818,677
996509414,675
996525012,673
996540610,669
996556196,656
996571808,670
996587424,683
996602998,658
996618626,684
996634230,690
996649834,694
996665428,684
996681032,690
996696638,698
996712258,713
996727866,716
996743458,711
996759078,728
996774672,726
996790302,752
996805908,757
996821502,751
996837094,746
996852710,758
996868314,761
996883904,751
996899504,756
996915104,755
996930716,764
996946314,762
996961912,763
996977484,737
996993100,742
997008700,749
997024296,744
997039876,730
997055474,724
997071064,715
997086656,709
997102262,717
997117844,702
997133448,704
997149030,688
997164626,685
997180220,681
997195842,698
997211424,683
997227010,671
997242608,670
997258216,670
997273820,679
997289424,680
997305012,673
997320614,676
997336206,665
997351812,670
997367430,690
997383034,694
997398656,709
997414248,703
997429842,701
997445460,716
997461056,708
997476662,713
997492268,719
997507886,738
997523478,728
997539096,744
997554684,735
997570300,751
997585892,742
997601502,751
997617116,763
997632702,753
997648300,750
997663896,745
997679504,753
997695100,752
997710696,747
997726290,739
997741884,734
997757490,739
997773070,725
997788676,726
997804270,721
997819854,706
997835432,692
997851038,699
997866636,692
997882218,677
997897814,677
997913412,674
997929012,672
997944622,681
997960210,673
997975800,662
997991410,664
998007018,676
998022622,679
998038226,686
998053832,691
998069436,693
998085044,698
998100674,728
998116268,723
998131862,715
998147482,732
998163102,752
998178694,746
998194286,736
998209904,751
998225506,757
998241112,761
998256720,761
998272290,740
998287890,739
998303500,753
998319088,738
998334698,747
998350296,745
998365892,744
998381488,740
998397082,732
998412676,726
998428258,713
998443864,719
998459456,710
998475038,695
998490644,700
998506238,697
998521832,692
998537426,684
998553022,679
998568618,679
998584228,687
998599812,670
998615410,668
998631010,672
998646622,683
998662224,681
998677826,683
998693428,689
998709032,692
998724636,694
998740256,709
998755834,692
998771456,711
998787060,715
998802680,730
998818274,724
998833892,745
998849486,739
998865080,731
998880698,747
998896290,743
998911894,747
998927510,759
998943100,749
998958716,767
998974318,767
998989922,764
999005528,774
999021112,761
999036710,761
999052306,755
999067902,751
999083498,746
999099078,732
999114672,726
999130280,730
999145858,711
999161466,720
999177046,704
999192638,696
999208232,690
999223828,688
999239408,672
999255036,691
999270614,673
999286212,671
999301810,672
999317396,659
999332996,656
999348610,668
999364198,661
999379802,663
999395404,664
999411008,667
999426626,686
999442220,681
999457838,694
999473432,689
999489054,707
999504646,704
999520276,728
999535870,723
999551478,727
999567084,736
999582700,749
999598294,743
999613884,734
999629512,763
999645116,765
999660728,774
999676328,774
999691916,765
999707514,764
999723098,747
999738696,744
999754316,764
999769886,738
999785482,731
999801100,748
999816668,720
999832262,717
999847856,712
999863448,704
999879030,687
999894636,696
999910218,679
999925826,684
999941422,679
999957004,667
999972626,688
999988230,685
1000003810,670
1000020464,681
1000037090,673
1000053738,675
1000070402,697
1000087032,690
1000103676,696
1000120336,702
1000136980,713
1000153602,698
1000170250,707
1000186902,708
1000203542,714
1000220200,732
1000236834,728
1000253488,732
1000270124,736
1000286758,728
1000303416,747
1000320064,746
1000336700,749
1000353328,737
1000369980,751
1000386624,747
1000403258,746
1000419894,743
1000436518,730
1000453160,723
1000469788,719
1000486422,713
1000503068,721
1000519706,713
1000536320,697
1000552954,691
1000569602,699
1000586242,694
1000602868,685
1000619502,681
1000636138,679
1000652796,688
1000669426,683
1000686062,681
1000702690,672
1000719362,696
1000735986,683
1000752626,684
1000769258,679
1000785908,683
1000802560,696
1000819206,702
1000835866,719
1000852500,705
1000869146,717
1000885794,724
1000902428,722
1000919092,736
1000935732,742
1000952378,747
1000969010,744
1000985660,744
1001002298,747
1001018954,761
1001035596,765
1001052256,774
1001068874,762
1001085500,748
1001102136,748
1001118794,755
1001135420,749
1001152042,734
1001168690,742
1001185330,734
1001201944,715
1001218564,700
1001235196,696
1001251852,702
1001268464,681
1001285124,699
1001301744,684
1001318384,681
1001335016,675
1001351652,671
1001368302,684
1001384948,683
1001401582,680
1001418196,658
1001434864,685
1001451516,688
1001468128,667
1001484798,694
1001501444,702
1001518082,696
1001534736,708
1001551382,715
1001568018,712
1001584682,727
1001601310,722
1001617970,739
1001634616,748
1001651278,761
1001667918,766
1001684538,747
1001701180,751
1001717828,751
1001734464,751
1001751104,751
1001767754,765
1001784400,759
1001801028,757
1001817652,742
1001834276,728
1001850928,732
1001867556,726
1001884178,709
1001900822,717
1001917454,702
1001934088,704
1001950720,698
1001967366,705
1001984006,701
1002000624,681
1002017260,677
1002033908,688
1002050552,686
1002067184,682
1002083824,681
1002100450,673
1002117110,685
1002133734,673
1002150390,688
1002167034,694
1002183674,687
1002200312,690
1002216974,707
1002233604,704
1002250246,698
1002266898,711
1002283536,707
1002300178,713
1002316844,728
1002333470,722
1002350116,726
1002366774,745
1002383422,744
1002400046,735
1002416688,737
1002433326,740
1002449972,737
1002466618,746
1002483242,732
1002499878,732
1002516522,725
1002533174,744
1002549796,727
1002566430,725
1002583068,715
1002599710,721
1002616330,705
1002632976,713
1002649602,696
1002666256,709
1002682894,706
1002699524,705
1002716156,689
1002732774,673
1002749426,682
1002766064,684
1002782696,673
1002799332,671
1002815974,673
1002832618,679
1002849270,683
1002865920,696
1002882550,688
1002899214,709
1002915878,721
1002932494,707
1002949150,722
1002965796,731
1002982452,735
1002999104,751
1003015724,734
1003032380,753
1003049020,743
1003065658,746
1003082312,759
1003098940,751
1003115588,749
1003132208,738
1003148870,759
1003165496,749
1003182124,731
1003198770,739
1003215390,722
1003232052,744
1003248666,711
1003265304,717
1003281952,723
1003298574,710
1003315218,704
1003331824,683
1003348460,678
1003365120,699
1003381746,683
1003398366,665
1003415014,673
1003431666,686
1003448310,684
1003464942,681
1003481584,682
1003498212,675
1003514862,678
1003531512,688
1003548168,705
1003564790,690
1003581460,705
1003598106,718
1003614754,725
1003631376,711
1003648052,736
1003664670,720
1003681340,749
1003697974,746
1003714614,736
1003731250,741
1003747882,734
1003764538,751
1003781202,761
1003797834,763
1003814450,740
1003831102,753
1003847746,748
1003864376,746
1003881012,742
1003897662,752
1003914290,732
1003930942,750
1003947550,721
1003964208,741
1003980822,709
1003997448,705
1004014096,710
1004030728,707
1004047372,702
1004063984,682
1004080632,689
1004097254,677
1004113898,673
1004130530,669
1004147170,669
1004163808,671
1004180446,661
1004197094,672
1004213734,674
1004230366,669
1004247018,673
1004263658,676
1004280304,681
1004296976,711
1004313620,705
1004330256,708
1004346892,705
1004363550,724
1004380214,738
1004396844,732
1004413474,725
1004430120,732
1004446780,745
1004463404,735
1004480072,760
1004496700,751
1004513346,749
1004529992,760
1004546616,746
1004563266,757
1004579910,751
1004596538,746
1004613172,741
1004629806,738
1004646456,741
1004663072,723
1004679704,717
1004696326,704
1004712992,717
1004729594,691
1004746240,697
1004762864,684
1004779520,692
1004796148,686
1004812776,673
1004829412,674
1004846072,685
1004862694,671
1004879336,673
1004895990,690
1004912638,693
1004929278,695
1004945910,688
1004962568,707
1004979208,702
1004995860,713
1005012508,720
1005029156,728
1005045810,732
1005062434,725
1005079080,731
1005095714,727
1005112392,751
1005129014,744
1005145658,746
1005162300,750
1005178934,737
1005195568,736
1005212220,747
1005228844,737
1005245500,743
1005262130,739
1005278766,736
1005295400,733
1005312028,713
1005328656,710
1005345312,724
1005361920,700
1005378580,705
1005395216,709
1005411848,703
1005428470,690
1005445124,696
1005461752,689
1005478390,686
1005495028,687
1005511672,685
1005528294,671
1005544956,694
1005561598,698
1005578222,677
1005594860,677
1005611516,692
1005628176,711
1005644802,693
1005661440,696
1005678086,702
1005694744,720
1005711398,724
1005728040,730
1005744686,736
1005761332,745
1005777972,735
1005794622,751
1005811268,755
1005827912,761
1005844546,748
1005861192,761
1005877834,761
1005894460,752
1005911104,747
1005927748,757
1005944384,754
1005961008,740
1005977660,745
1005994290,740
1006010898,711
1006027544,719
1006044178,703
1006060798,694
1006077442,699
1006094094,708
1006110718,690
1006127344,683
1006143980,679
1006160604,666
1006177246,663
1006193892,671
1006210530,669
1006227170,672
1006243802,661
1006260452,672
1006277094,674
1006293728,669
1006310402,696
1006327016,675
1006343674,692
1006360310,690
1006376978,705
1006393626,720
1006410250,705
1006426920,735
1006443572,738
1006460188,721
1006476846,736
1006493504,755
1006510144,744
1006526778,747
1006543446,772
1006560060,753
1006576720,761
1006593340,749
1006609990,758
1006626616,747
