Time,Tau
844014,618
1846064568,629
1846081218,644
1846097854,632
1845981354,618
1845998006,629
1846014632,621
1846031282,621
1846047914,618
1846064568,629
1846081218,644
1846097854,632
1846114486,630
1846131114,618
1846147754,621
1846164414,632
1846181048,630
1846197700,641
1846214328,633
1846230986,644
1846247620,641
1846264246,629
1846280886,632
1846297532,632
1846314166,629
1846330818,640
1846347460,643
1846364106,643
1846380740,640
1846397378,640
1846414018,643
1846430666,643
1846447298,640
1846463926,627
1846480552,620
1846497200,620
1846513858,640
1846530486,628
1846547124,631
1846563772,631
1846580406,629
1846597034,617
1846613672,620
1846630320,620
1846646980,641
1846663594,617
1846680246,632
1846696892,632
1846713526,629
1846730166,629
1846746820,644
1846763454,632
1846780086,629
1846796738,641
1846813368,632
1846830012,632
1846846648,629
1846863274,618
1846879926,633
1846896576,633
1846913206,630
1846929836,618
1846946474,621
1846963134,632
1846979756,618
1846996394,618
1847013058,643
1847029694,633
1847046314,618
1847062966,629
1847079606,632
1847096266,643
1847112898,641
1847129538,640
1847146152,620
1847162812,631
1847179434,617
1847196098,640
1847212726,631
1847229360,620
1847245992,617
1847262634,617
1847279286,631
1847295934,631
1847312552,617
1847329192,616
1847345832,620
1847362480,620
1847379138,640
1847395752,617
1847412394,620
1847429066,642
1847445698,641
1847462314,618
1847478980,644
1847495624,644
1847512248,629
1847528886,629
1847545528,632
1847562172,633
1847578806,629
1847595434,618
1847612074,621
1847628748,644
1847645354,619
1847661996,618
1847678634,621
1847695308,644
1847711940,641
1847728580,641
1847745220,644
1847761854,633
1847778500,641
1847795140,642
1847811766,632
1847828402,621
1847845036,619
1847861686,629
1847878314,621
1847894974,632
1847911606,629
1847928248,629
1847944888,632
1847961546,643
1847978178,640
1847994820,640
1848011432,620
1848028104,643
1848044714,617
1848061352,617
1848077992,620
1848094640,620
1848111286,628
1848127914,617
1848144564,631
1848161214,631
1848177834,617
1848194474,617
1848211114,620
1848227760,620
1848244418,640
1848261058,641
1848277674,620
1848294334,632
1848310966,629
1848327606,629
1848344246,632
1848360880,621
1848377526,629
1848394166,629
1848410806,633
1848427454,633
1848444098,641
1848460714,618
1848477354,621
1848494012,632
1848510634,618
1848527274,618
1848543914,621
1848560574,632
1848577194,618
1848593846,629
1848610474,621
1848627130,632
1848643766,629
1848660406,629
1848677046,632
1848693694,631
1848710338,641
1848726966,629
1848743618,642
1848760240,620
1848776898,641
1848793538,640
1848810154,620
1848826800,620
1848843458,640
1848860098,640
1848876712,620
1848893360,620
1848909994,616
1848926632,617
1848943298,642
1848959920,620
1848976552,617
1848993192,617
1849009834,620
1849026492,631
1849043112,617
1849059778,640
1849076394,620
1849093066,643
1849109700,641
1849126340,641
1849142980,643
1849159610,632
1849176246,630
1849192886,629
1849209526,632
1849226162,621
1849242808,629
1849259446,629
1849276088,633
1849292734,633
1849309354,618
1849325992,618
1849342646,633
1849359282,621
1849375926,629
1849392554,618
1849409206,631
1849425854,632
1849442486,629
1849459114,618
1849475780,643
1849492412,631
1849509046,629
1849525700,640
1849542338,643
1849558986,642
1849575618,641
1849592232,618
1849608900,642
1849625520,620
1849642178,640
1849658794,618
1849675460,643
1849692080,620
1849708712,617
1849725380,640
1849741992,620
1849758640,620
1849775300,640
1849791928,629
1849808578,643
1849825224,644
1849841846,629
1849858500,641
1849875128,633
1849891774,633
1849908408,629
1849925034,618
1849941688,633
1849958320,621
1849974966,629
1849991606,629
1850008248,633
1850024894,633
1850041526,630
1850058154,619
1850074794,621
1850091454,633
1850108074,618
1850124714,618
1850141380,644
1850158014,632
1850174634,618
1850191286,629
1850207926,631
1850224574,632
1850241206,629
1850257846,629
1850274488,632
1850291144,643
1850307766,629
1850324418,639
1850341034,620
1850357680,620
1850374312,616
1850390966,627
1850407592,619
1850424240,620
1850440872,617
1850457526,627
1850474152,620
1850490824,642
1850507446,628
1850524074,617
1850540714,620
1850557360,620
1850573992,617
1850590632,617
1850607274,620
1850623932,632
1850640580,641
1850657206,629
1850673846,632
1850690492,633
1850707126,629
1850723768,630
1850740408,633
1850757054,632
1850773688,629
1850790316,618
1850806980,644
1850823602,621
1850840236,619
1850856900,641
1850873514,621
1850890160,621
1850906794,618
1850923434,618
1850940086,632
1850956748,644
1850973366,629
1850990006,629
1851006646,632
1851023294,632
1851039926,629
1851056566,629
1851073218,642
1851089866,642
1851106486,629
1851123138,641
1851139766,631
1851156412,632
1851173058,640
1851189674,617
1851206326,631
1851222970,631
1851239606,628
1851256232,617
1851272884,631
1851289518,620
1851306152,617
1851322792,617
1851339446,631
1851356080,620
1851372714,617
1851389354,617
1851405994,620
1851422666,643
1851439286,629
1851455926,629
1851472566,632
1851489212,632
1851505834,618
1851522488,629
1851539128,632
1851555772,632
1851572406,629
1851589034,618
1851605674,621
1851622346,644
1851638966,629
1851655594,618
1851672234,621
1851688908,644
1851705516,618
1851722154,618
1851738808,632
1851755454,633
1851772086,629
1851788726,629
1851805368,633
1851822026,643
1851838658,641
1851855288,629
1851871940,643
1851888560,620
1851905218,640
1851921860,640
1851938474,620
1851955146,642
1851971778,640
1851988420,641
1852005046,631
1852021680,620
1852038326,628
1852054952,616
1852071618,642
1852088240,620
1852104898,640
1852121526,628
1852138178,643
1852154826,643
1852171434,617
1852188098,641
1852204738,644
1852221384,643
1852238006,629
1852254658,641
1852271288,633
1852287946,643
1852304566,629
1852321220,641
1852337846,633
1852354494,632
1852371126,629
1852387768,630
1852404408,633
1852421054,632
1852437688,629
1852454328,629
1852470956,621
1852487610,632
1852504248,629
1852520886,629
1852537526,632
1852554160,620
1852570818,640
1852587434,618
1852604074,620
1852620746,643
1852637354,617
1852653994,617
1852670634,620
1852687280,620
1852703938,640
1852720552,616
1852737218,642
1852753840,620
1852770498,640
1852787138,640
1852803776,642
1852820400,620
1852837034,616
1852853672,616
1852870338,643
1852886960,620
1852903618,640
1852920258,640
1852936898,642
1852953520,620
1852970180,640
1852986818,641
1853003446,631
1853020092,632
1853036726,629
1853053366,629
1853070006,633
1853086652,632
1853103274,618
1853119926,630
1853136556,621
1853153214,632
1853169834,618
1853186486,629
1853203128,632
1853219774,632
1853236406,630
1853253034,618
1853269674,621
1853286322,621
1853302966,629
1853319606,629
1853336246,632
1853352894,632
1853369526,629
1853386166,629
1853402806,631
1853419452,631
1853436086,629
1853452738,640
1853469352,620
1853486000,620
1853502658,639
1853519298,640
1853535914,620
1853552572,631
1853569192,617
1853585834,616
1853602486,631
1853619120,620
1853635754,617
1853652394,617
1853669058,642
1853685706,643
1853702340,641
1853718978,641
1853735594,620
1853752264,642
1853768886,629
1853785526,629
1853802180,643
1853818814,633
1853835434,618
1853852074,618
1853868714,621
1853885386,644
1853902018,641
1853918660,641
1853935300,644
1853951946,644
1853968580,642
1853985194,619
1854001834,621
1854018492,633
1854035138,641
1854051780,642
1854068406,632
1854085068,644
1854101686,629
1854118326,629
1854134966,632
1854151614,632
1854168246,629
1854184886,629
1854201526,632
1854218174,631
1854234818,640
1854251458,640
1854268100,643
1854284746,642
1854301352,617
1854317992,616
1854334632,620
1854351278,620
1854367912,617
1854384552,617
1854401192,620
1854417852,631
1854434486,628
1854451114,617
1854467752,620
1854484412,631
1854501034,616
1854517674,618
1854534324,631
1854550960,620
1854567594,618
1854584258,640
1854600900,643
1854617534,632
1854634168,629
1854650806,629
1854667448,632
1854684082,621
1854700714,618
1854717366,629
1854734008,632
1854750642,621
1854767286,629
1854783926,629
1854800554,621
1854817214,632
1854833846,629
1854850486,629
1854867112,621
1854883776,633
1854900406,629
1854917046,629
1854933700,643
1854950346,644
1854966978,641
1854983620,641
1855000258,642
1855016894,632
1855033526,629
1855050166,629
1855066818,643
1855083440,620
1855100098,640
1855116714,617
1855133366,631
1855150014,631
1855166646,628
1855183274,617
1855199912,620
1855216572,631
1855233218,640
1855249834,617
1855266472,620
1855283120,620
1855299778,641
1855316420,640
1855333060,643
1855349706,644
1855366338,641
1855382968,629
1855399606,633
1855416252,632
1855432886,630
1855449514,618
1855466154,620
1855482812,632
1855499446,629
1855516086,629
1855532714,621
1855549386,644
1855566018,641
1855582660,641
1855599286,633
1855615922,621
1855632568,629
1855649196,618
1855665846,632
1855682494,633
1855699126,629
1855715752,618
1855732394,621
1855749052,632
1855765686,629
1855782326,629
1855798978,644
1855815626,644
1855832258,641
1855848898,640
1855865512,620
1855882186,643
1855898806,629
1855915458,640
1855932072,620
1855948744,642
1855965380,640
1855982018,641
1855998632,620
1856015306,642
1856031940,640
1856048554,617
1856065194,620
1856081852,631
1856098486,629
1856115126,629
1856131766,631
1856148414,632
1856165046,629
1856181686,629
1856198340,644
1856214974,633
1856231606,629
1856248248,630
1856264874,621
1856281522,621
1856298166,630
1856314820,641
1856331434,621
1856348082,621
1856364716,618
1856381366,630
1856397992,621
1856414650,632
1856431274,618
1856447926,629
1856464554,620
1856481214,632
1856497858,640
1856514486,629
1856531138,643
1856547786,642
1856564406,629
1856581060,640
1856597684,631
1856614346,642
1856630978,641
1856647606,629
1856664244,631
1856680892,631
1856697524,627
1856714166,628
1856730804,631
1856747454,631
1856764084,628
1856780726,627
1856797366,631
1856814000,620
1856830646,628
1856847274,617
1856863912,620
1856880586,642
1856897218,640
1856913834,617
1856930498,644
1856947134,633
1856963778,641
1856980420,641
1856997046,633
1857013694,631
1857030314,618
1857046954,618
1857063594,621
1857080242,621
1857096900,641
1857113540,641
1857130156,621
1857146802,621
1857163434,618
1857180076,619
1857196726,633
1857213362,621
1857230020,641
1857246636,618
1857263274,621
1857279920,621
1857296554,618
1857313208,629
1857329846,632
1857346492,632
1857363140,641
1857379778,641
1857396420,643
1857413064,643
1857429698,640
1857446338,640
1857462978,642
1857479624,642
1857496258,640
1857512872,616
1857529524,631
1857546160,620
1857562794,617
1857579460,640
1857596072,620
1857612720,620
1857629354,617
1857646020,640
1857662658,642
1857679304,643
1857695940,640
1857712566,629
1857729206,632
1857745852,631
1857762486,629
1857779126,629
1857795766,632
1857812410,632
1857829046,629
1857845674,618
1857862314,621
1857878976,633
1857895618,641
1857912260,642
1857928898,644
1857945522,621
1857962166,630
1857978818,641
1857995434,621
1858012106,644
1858028740,641
1858045354,618
1858061994,621
1858078640,621
1858095274,618
1858111926,629
1858128568,632
1858145226,643
1858161858,641
1858178472,618
1858195114,620
1858211786,642
1858228394,617
1858245034,618
1858261686,631
1858278322,620
1858294966,628
1858311606,629
1858328234,620
1858344880,620
1858361514,617
1858378152,617
1858394818,643
1858411440,620
1858428084,628
1858444726,629
1858461378,642
1858478012,631
1858494646,629
1858511298,640
1858527926,632
1858544574,632
1858561206,629
1858577846,629
1858594474,620
1858611134,633
1858627768,629
1858644406,629
1858661046,632
1858677694,632
1858694326,629
1858710966,629
1858727606,632
1858744252,633
1858760886,629
1858777526,629
1858794168,632
1858810812,632
1858827446,629
1858844086,629
1858860726,632
1858877372,631
1858893992,618
1858910634,618
1858927298,643
1858943920,620
1858960552,617
1858977218,640
1858993832,620
1859010480,620
1859027138,640
1859043778,641
1859060394,620
1859077038,620
1859093674,617
1859110326,628
1859126964,631
1859143612,631
1859160234,617
1859176872,617
1859193526,631
1859210186,642
1859226818,641
1859243446,629
1859260098,643
1859276732,632
1859293366,629
1859310006,629
1859326648,633
1859343280,621
1859359940,641
1859376566,629
1859393194,621
1859409866,644
1859426474,618
1859443114,618
1859459778,644
1859476400,621
1859493046,629
1859509686,630
1859526326,633
1859542974,632
1859559606,629
1859576248,630
1859592888,633
1859609534,632
1859626166,629
1859642806,629
1859659446,633
1859676106,644
1859692714,618
1859709354,618
1859726020,643
1859742640,620
1859759298,641
1859775938,640
1859792578,642
1859809212,631
1859825834,617
1859842472,616
1859859114,620
1859875772,631
1859892420,640
1859909044,628
1859925686,631
1859942332,631
1859958978,640
1859975618,641
1859992234,620
1860008904,643
1860025540,641
1860042178,641
1860058794,620
1860075466,643
1860092088,629
1860108728,629
1860125366,632
1860142012,632
1860158646,629
1860175286,629
1860191914,621
1860208574,632
1860225208,629
1860241858,641
1860258474,621
1860275122,621
1860291756,618
1860308408,629
1860325034,621
1860341692,632
1860358340,641
1860374954,618
1860391608,632
1860408264,643
1860424886,629
1860441540,640
1860458180,643
1860474812,631
1860491446,629
1860508086,629
1860524724,631
1860541360,620
1860557992,617
1860574632,616
1860591296,642
1860607930,631
1860624566,628
1860641206,627
1860657846,631
1860674490,631
1860691124,627
1860707754,617
1860724404,631
1860741040,620
1860757686,628
1860774314,617
1860790952,619
1860807600,620
1860824232,616
1860840872,617
1860857514,620
1860874172,632
1860890792,618
1860907434,618
1860924100,643
1860940732,632
1860957366,629
1860974006,629
1860990646,631
1861007294,632
1861023914,618
1861040554,618
1861057206,633
1861073854,632
1861090486,629
1861107126,629
1861123780,644
1861140426,644
1861157046,629
1861173686,629
1861190326,632
1861206974,632
1861223606,629
1861240258,641
1861256900,643
1861273546,643
1861290178,641
1861306794,618
1861323446,632
1861340080,620
1861356738,641
1861373366,628
1861390020,643
1861406666,642
1861423274,617
1861439912,617
1861456554,620
1861473226,642
1861489834,617
1861506498,640
1861523124,631
1861539786,642
1861556392,617
1861573034,617
1861589674,620
1861606320,620
1861622978,640
1861639592,617
1861656260,643
1861672894,633
1861689540,641
1861706178,641
1861722806,632
1861739452,632
1861756074,618
1861772714,618
1861789380,644
1861806000,621
1861822634,618
1861839288,630
1861855926,632
1861872572,633
1861889206,629
1861905846,629
1861922486,632
1861939134,632
1861955766,629
1861972408,629
1861989060,643
1862005694,633
1862022326,629
1862038954,618
1862055618,644
1862072264,643
1862088872,617
1862105538,640
1862122152,620
1862138798,620
1862155434,617
1862172074,617
1862188726,631
1862205374,631
1862222018,640
1862238646,628
1862255286,631
1862271932,631
1862288552,617
1862305194,617
1862321834,620
1862338480,620
1862355112,618
1862371754,617
1862388406,631
1862405038,620
1862421672,617
1862438314,617
1862454966,632
1862471614,632
1862488234,618
1862504886,629
1862521526,631
1862538160,621
