Time,Tau
929918066,769
929950930,769
929983794,769
930016690,792
930049610,793
930082518,783
930115426,795
930148334,780
930181228,780
930214118,781
930247008,780
930279902,780
930312798,781
930345694,784
930378590,783
930411484,780
930444366,769
930477234,770
930510102,770
930542982,780
930575882,781
930608766,772
930641650,784
930674546,783
930707454,792
930740354,780
930773230,769
930806118,793
930839038,792
930871944,783
930904852,795
930937762,784
930970658,781
931003546,780
931036426,769
931069290,769
931102186,792
931135098,783
931167994,783
931200882,772
931233762,780
931266658,780
931299550,780
931332442,780
931365336,781
931398230,781
931431132,784
931464032,783
931496940,792
931529846,780
931562724,769
931595602,780
931628496,780
931661390,781
931694272,772
931727144,772
931760042,795
931792950,780
931825830,770
931858710,780
931891602,781
931924508,792
931957418,783
931990302,772
932023186,784
932056082,781
932088984,793
932121886,781
932154786,792
932187682,769
932220578,795
932253490,783
932286384,783
932319292,793
932352212,792
932385128,792
932418036,780
932450930,781
932483830,783
932516726,784
932549622,781
932582514,780
932615408,781
932648310,792
932681222,780
932714130,795
932747042,784
932779938,784
932812836,780
932845728,781
932878618,781
932911506,780
932944402,781
932977286,772
933010170,784
933043066,783
933075950,769
933108832,781
933141720,781
933174608,780
933207506,781
933240406,780
933273304,784
933306202,784
933339086,770
933371966,780
933404870,792
933437762,770
933470646,780
933503542,780
933536438,784
933569334,784
933602220,772
933635096,769
933667974,780
933700854,769
933733734,781
933766630,781
933799538,792
933832462,795
933865372,784
933898282,792
933931182,780
933964074,781
933996958,769
934029856,792
934062766,784
934095650,772
934128534,784
934161430,781
934194332,791
934227234,781
934260130,780
934293026,780
934325922,784
934358816,783
934391704,772
934424590,780
934457492,792
934490380,769
934523260,781
934556158,780
934589054,784
934621948,783
934654830,772
934687714,781
934720614,781
934753494,769
934786368,781
934819262,780
934852170,793
934885078,783
934917976,784
934950860,770
934983724,769
935016602,780
935049496,780
935082386,781
935115270,769
935148154,783
935181042,772
935213914,772
935246792,772
935279670,780
935312562,780
935345454,780
935378338,770
935411236,793
935444138,772
935477022,783
935509918,783
935542806,770
935575682,780
935608582,793
935641474,769
935674358,781
935707246,772
935740118,772
935773002,783
935805898,780
935838802,792
935871704,780
935904582,770
935937466,781
935970370,792
936003296,795
936036218,795
936069138,792
936102026,769
936134894,770
936167782,793
936200708,793
936233616,783
936266524,795
936299446,793
936332338,769
936365206,770
936398072,769
936430950,781
936463864,793
936496788,795
936529712,796
936562640,793
936595538,770
936628428,792
936661342,793
936694254,781
936727164,793
936760062,772
936792934,772
936825808,769
936858698,793
936891616,793
936924530,793
936957442,782
936990354,795
937023280,795
937056190,782
937089094,793
937121986,770
937154878,793
937187802,793
937220698,770
937253596,795
937286524,795
937319446,793
937352364,793
937385254,769
937418118,769
937450990,769
937483874,781
937516758,772
937549630,772
937582502,772
937615398,793
937648304,782
937681196,781
937714096,780
937747006,793
937779932,795
937812854,796
937845748,769
937878644,793
937911562,793
937944480,793
937977402,793
938010326,795
938043222,772
938076118,793
938109038,793
938141956,793
938174876,793
938207800,792
938240722,795
938273632,784
938306532,780
938339420,770
938372286,769
938405150,770
938438040,792
938470962,792
938503882,795
938536804,795
938569726,793
938602618,770
938635484,770
938668378,793
938701304,792
938734228,795
938767138,784
938800048,793
938832968,793
938865870,781
938898758,781
938931656,781
938964544,770
938997418,773
939030288,772
939063188,795
939096110,792
939129026,792
939161944,792
939194854,780
939227768,793
939260696,795
939293624,793
939326526,781
939359418,781
939392324,792
939425248,793
939458172,793
939491082,784
939523992,795
939556914,793
939589832,793
939622752,792
939655662,781
939688570,793
939721494,795
939754420,793
939787314,769
939820208,793
939853100,770
939885998,793
939918898,770
939951800,795
939984728,795
940017640,780
940050554,793
940083470,793
940116388,793
940149290,769
940182188,795
940215112,796
940248010,770
940280902,793
940313820,792
940346738,793
940379662,792
940412586,795
940445510,795
940478432,793
940511358,793
940544254,769
940577142,793
940610042,769
940642926,781
940675840,795
940708762,795
940741684,792
940774602,793
940807518,793
940840438,793
940873364,795
940906286,795
940939206,793
940972126,793
941005038,793
941037954,792
941070880,793
941103778,772
941136676,795
941169602,793
941202494,770
941235358,770
941268222,770
941301116,793
941334030,781
941366914,772
941399790,772
941432690,795
941465614,793
941498504,770
941531368,770
941564244,781
941597128,769
941630014,781
941662898,772
941695786,784
941728690,784
941761600,793
941794494,770
941827362,769
941860226,770
941893124,792
941926046,795
941958944,772
941991844,795
942024748,770
942057618,770
942090510,793
942123402,770
942156300,793
942189198,773
942222070,773
942254942,772
942287840,793
942320764,793
942353652,770
942386528,781
942419426,781
942452322,781
942485218,784
942518102,772
942550998,793
942583898,770
942616766,770
942649628,769
942682520,793
942715444,793
942748342,772
942781240,795
942814152,781
942847032,769
942879910,781
942912796,770
942945662,770
942978564,793
943011462,772
943044346,784
943077232,772
943110118,781
943143026,793
943175916,769
943208808,792
943241732,793
943274656,795
943307580,795
943340486,772
943373384,792
943406300,793
943439194,770
943472078,781
943504974,781
943537888,796
943570816,795
943603714,769
943636582,770
943669450,769
943702344,793
943735272,793
943768170,770
943801054,784
943833950,784
943866834,770
943899728,793
943932634,781
943965538,793
943998446,781
944031344,781
944064244,784
944097130,772
944130002,770
944162880,782
944195758,770
944228622,770
944261516,792
944294438,793
944327334,772
944360218,784
944393102,773
944426000,793
944458902,782
944491804,793
944524714,781
944557614,781
944590524,796
944623448,795
944656370,792
944689258,770
944722150,792
944755056,781
944787966,792
944820890,795
944853810,795
944886730,793
944919640,781
944952544,793
944985434,770
945018318,781
945051220,781
945084128,795
945117050,795
945149974,792
945182890,792
945215808,793
945248736,793
945281664,792
945314588,795
945347510,792
945380428,792
945413348,792
945446262,793
945479158,770
945512054,793
945544980,795
945577904,795
945610798,770
945643690,793
945676608,793
945709530,793
945742438,781
945775334,784
945808218,772
945841114,792
945874012,770
945906890,780
945939782,782
945972680,781
946005578,780
946038486,795
946071408,795
946104320,781
946137210,781
946170102,782
946203008,793
946235918,781
946268828,795
946301726,772
946334612,784
946367510,781
946400416,793
946433332,793
946466242,781
946499138,781
946532048,795
946564970,795
946597868,769
946630764,793
946663654,770
946696518,769
946729416,793
946762338,792
946795260,795
946828182,795
946861106,793
946894024,793
946926938,793
946959860,792
946992782,795
947025706,795
947058620,782
947091526,792
947124426,781
947157330,793
947190230,770
947223118,781
947256024,796
947288934,784
947321818,769
947354692,780
947387594,792
947420486,770
947453384,792
947486294,781
947519190,784
947552100,795
947585020,792
947617926,781
947650828,793
947683742,793
947716650,781
947749534,772
947782418,784
947815314,784
947848198,769
947881088,793
947914008,793
947946936,792
947979846,782
948012756,795
948045680,795
948078586,780
948111488,793
948144404,793
948177300,770
948210194,793
948243092,772
948275992,796
948308902,784
948341810,792
948374710,781
948407616,793
948440514,770
948473398,782
948506308,795
948539230,795
948572152,793
948605072,793
948637990,793
948670884,770
948703778,793
948736678,773
948769550,772
948802434,784
948835344,793
948868260,792
948901174,793
948934082,781
948966978,781
948999874,784
949032776,784
949065674,781
949098566,781
949131442,770
949164332,793
949197242,781
949230152,793
949263054,772
949295952,795
949328850,770
949361742,793
949394634,770
949427524,793
949460446,793
949493342,770
949526226,784
949559138,796
949592062,793
949624952,770
949657818,770
949690712,793
949723640,793
949756564,796
949789488,796
949822386,772
949855270,781
949888176,793
949921066,770
949953946,781
949986830,769
950019732,796
950052654,795
950085554,772
950118454,793
950151346,770
950184240,793
950217164,793
950250080,781
950282992,795
950315890,772
950348762,769
950381656,792
950414570,793
950447458,769
950480342,781
950513234,781
950546144,795
950579042,772
950611926,781
950644820,781
950677712,781
950710614,793
950743516,770
950776390,770
950809262,772
950842138,772
950875034,795
950907932,769
950940824,793
950973738,793
951006664,793
951039586,793
951072486,772
951105382,795
951138302,793
951171194,770
951204074,781
951236962,781
951269850,770
951302726,769
951335620,795
951368544,795
951401442,770
951434340,793
951467256,793
951500176,793
951533074,770
951565950,772
951598834,784
951631744,795
951664668,793
951697558,770
951730426,770
951763294,770
951796166,769
951829066,793
951861964,772
951894850,784
951927738,772
951960610,769
951993478,770
952026346,770
952059228,781
952092114,770
952124986,770
952157860,772
952190760,795
952223658,772
952256534,769
952289414,782
952322320,793
952355236,793
952388158,793
952421078,795
952454000,796
952486922,793
952519840,792
952552758,793
952585658,770
952618554,793
952651480,796
952684406,795
952717326,793
952750244,793
952783158,793
952816082,793
952848978,770
952881862,784
952914776,795
952947672,770
952980550,782
953013426,769
953046316,793
953079238,793
953112158,793
953145070,784
953177968,784
953210854,770
953243730,770
953276598,770
953309478,781
953342360,769
953375260,792
953408158,772
953441056,796
953473968,784
953506880,793
953539774,770
953572656,781
953605542,770
953638438,793
953671334,772
953704220,784
953737132,795
953770038,781
953802930,781
953835822,781
953868734,793
953901646,781
953934542,784
953967444,784
954000344,781
954033242,781
954066134,782
954099026,781
954131922,781
954164820,781
954197716,784
954230618,784
954263520,781
954296420,782
954329308,780
954362198,781
954395098,780
954427994,781
954460890,784
954493786,784
954526670,770
954559538,769
954592406,770
954625288,782
954658178,781
954691062,769
954723946,781
954756842,784
954789726,772
954822624,793
954855546,793
954888438,770
954921314,781
954954210,781
954987096,770
955019970,772
955052846,772
955085732,784
955118630,781
955151512,770
955184396,781
955217278,769
955250176,793
955283086,784
955315970,772
955348868,795
955381770,770
955414664,793
955447572,782
955480466,781
955513356,770
955546244,784
955579152,796
955612052,773
955644926,770
955677798,770
955710666,770
955743532,770
955776430,793
955809340,782
955842240,784
955875138,784
955908050,793
955940976,793
955973884,782
956006780,781
956039678,781
956072578,784
956105476,784
956138374,784
956171288,793
956204178,770
956237072,793
956269966,770
956302852,782
956335752,784
956368638,773
956401540,796
956434468,793
956467374,781
956500268,782
956533154,770
956566026,770
956598914,784
956631828,795
956664744,784
956697656,793
956730562,781
956763468,793
956796370,770
956829270,793
956862192,795
956895090,772
956927986,793
956960882,770
956993750,769
957026644,793
957059542,770
957092414,770
957125300,784
957158186,773
957191060,772
957223948,781
957256842,781
957289722,770
957322616,792
957355514,770
957388402,781
957421314,795
957454226,784
957487126,781
957520008,770
957552872,769
957585762,793
957618684,793
957651610,795
957684532,795
957717442,781
957750334,781
957783214,770
957816094,781
957848974,770
957881850,769
957914726,769
957947622,795
957980522,772
958013424,793
958046342,793
958079262,792
958112174,781
958145070,781
958177954,772
958210838,784
958243738,784
958276640,782
958309532,781
958342428,781
958375330,793
958408242,780
958441152,796
958474064,784
958506958,781
958539838,770
958572706,770
958605582,782
958638488,793
958671398,781
958704284,772
958737158,772
958770058,795
958802956,769
958835848,793
958868750,780
958901630,770
958934514,781
958967416,782
959000328,795
959033238,784
959066134,781
959099026,781
959131906,770
959164798,793
959197698,770
959230572,772
959263462,784
959296360,784
959329260,781
959362176,793
959395084,781
959427978,781
959460880,781
959493780,784
959526678,784
959559576,784
959592466,769
959625336,770
959658228,793
959691122,770
959723998,769
959756888,782
959789774,772
959822662,784
959855576,793
959888494,781
959921374,770
959954268,793
959987196,793
960020116,784
960053026,796
960085922,772
960118792,769
960151654,770
960184534,781
960217434,793
960250354,793
960283274,795
960316194,795
960349106,784
960381992,770
960414870,781
960447746,770
960480638,793
960513564,793
960546462,772
960579334,772
960612204,772
960645074,770
960677962,792
960710868,782
960743772,793
960776670,770
960809566,793
960842488,795
960875386,772
960908256,769
960941148,792
960974062,793
961006978,793
961039874,770
961072772,793
961105670,772
961138554,784
961171438,770
961204338,792
961237228,769
961270106,781
961302992,770
961335868,770
961368766,795
961401666,772
961434538,772
961467410,770
961500302,793
961533208,781
961566104,781
961598990,770
961631866,772
961664762,795
961697682,795
961730582,770
961763462,781
961796368,793
961829286,792
961862208,793
961895104,772
961927990,783
961960898,793
961993802,781
962026704,793
962059600,770
962092474,769
962125370,792
962158278,784
962191174,784
962224058,772
962256942,780
962289830,781
962322706,769
962355574,769
962388470,792
962421392,795
962454316,795
962487214,772
962520086,769
962552978,793
962585896,792
962618802,780
962651698,781
962684592,783
962717472,772
962750356,784
962783254,780
