Time,Tau
576856,618
1619278002,624
1619294650,633
1619311314,656
1619327942,641
1619344584,646
1619361234,654
1619377882,663
1619394546,681
1619411174,672
1619427818,677
1619444474,694
1619461110,684
1619477744,683
1619494384,683
1619511012,673
1619527670,682
1619544298,675
1619560932,671
1619577554,657
1619594206,662
1619610846,663
1619627464,645
1619644094,639
1619660730,631
1619677370,631
1619693998,623
1619710604,594
1619727256,597
1619743894,598
1619760510,579
1619777156,586
1619793796,580
1619810424,576
1619827048,557
1619843698,568
1619860354,578
1619876974,566
1619893628,575
1619910268,579
1619926894,560
1619943544,574
1619960204,589
1619976848,597
1619993502,603
1620010144,608
1620026780,604
1620043440,627
1620060098,635
1620076728,630
1620093364,627
1620110040,662
1620126682,658
1620143322,663
1620159958,658
1620176618,679
1620193260,673
1620209910,687
1620226554,690
1620243198,696
1620259846,697
1620276478,695
1620293104,683
1620309756,694
1620326386,681
1620343040,696
1620359662,679
1620376296,677
1620392946,681
1620409546,648
1620426204,662
1620442810,635
1620459460,637
1620476096,637
1620492700,605
1620509332,600
1620525996,615
1620542606,593
1620559240,586
1620575860,570
1620592514,577
1620609128,561
1620625764,555
1620642404,556
1620659060,566
1620675696,566
1620692322,553
1620708978,570
1620725614,561
1620742266,578
1620758912,580
1620775548,578
1620792202,584
1620808856,600
1620825506,610
1620842142,608
1620858820,640
1620875454,635
1620892090,632
1620908740,643
1620925408,663
1620942036,656
1620958682,662
1620975356,694
1620992006,700
1621008620,677
1621025262,680
1621041906,685
1621058566,698
1621075198,694
1621091836,692
1621108474,693
1621125128,701
1621141744,682
1621158378,676
1621175010,672
1621191650,665
1621208286,666
1621224892,635
1621241536,641
1621258174,633
1621274796,621
1621291416,600
1621308060,607
1621324696,599
1621341336,601
1621357956,583
1621374590,580
1621391218,564
1621407860,572
1621424498,566
1621441148,579
1621457794,578
1621474430,579
1621491046,556
1621507690,561
1621524340,564
1621540990,581
1621557638,584
1621574286,594
1621590928,589
1621607580,606
1621624218,603
1621640868,614
1621657512,612
1621674164,628
1621690814,637
1621707462,648
1621724106,644
1621740748,647
1621757406,665
1621774064,684
1621790714,689
1621807326,667
1621823982,680
1621840636,695
1621857272,684
1621873902,681
1621890554,690
1621907176,677
1621923818,673
1621940446,665
1621957092,671
1621973712,656
1621990350,648
1622007000,660
1622023632,651
1622040250,635
1622056900,637
1622073498,603
1622090154,618
1622106772,601
1622123412,595
1622140042,588
1622156672,579
1622173306,578
1622189936,562
1622206566,559
1622223218,566
1622239846,557
1622256518,579
1622273138,570
1622289770,558
1622306412,565
1622323088,593
1622339704,574
1622356364,591
1622373024,611
1622389680,619
1622406308,613
1622422956,621
1622439606,633
1622456248,629
1622472918,658
1622489542,644
1622506202,665
1622522858,671
1622539484,663
1622556130,669
1622572788,688
1622589436,692
1622606074,691
1622622716,692
1622639344,684
1622655976,672
1622672622,679
1622689270,687
1622705906,685
1622722534,669
1622739172,672
1622755794,654
1622772438,660
1622789064,641
1622805688,631
1622822318,622
1622838962,628
1622855600,619
1622872224,608
1622888844,589
1622905500,608
1622922128,590
1622938740,571
1622955400,587
1622972036,585
1622988654,559
1623005310,579
1623021948,576
1623038576,568
1623055236,581
1623071872,583
1623088504,572
1623105136,568
1623121790,573
1623138444,591
1623155090,595
1623171724,594
1623188380,602
1623205022,607
1623221672,616
1623238334,639
1623254992,647
1623271620,641
1623288266,648
1623304914,658
1623321572,665
1623338208,667
1623354868,684
1623371498,679
1623388180,705
1623404796,692
1623421424,682
1623438076,696
1623454740,704
1623471350,688
1623487988,684
1623504622,683
1623521264,677
1623537876,656
1623554522,660
1623571140,644
1623587776,637
1623604402,625
1623621056,639
1623637688,633
1623654300,602
1623670950,614
1623687568,595
1623704200,591
1623720830,573
1623737470,579
1623754104,572
1623770752,582
1623787394,580
1623804002,555
1623820654,564
1623837296,568
1623853930,558
1623870556,549
1623887226,574
1623903858,570
1623920510,576
1623937152,582
1623953826,610
1623970448,597
1623987106,606
1624003748,612
1624020396,620
1624037058,643
1624053716,652
1624070368,667
1624087004,664
1624103664,684
1624120306,679
1624136944,681
1624153588,686
1624170244,703
1624186880,694
1624203516,692
1624220168,704
1624236794,694
1624253424,680
1624270068,686
1624286716,692
1624303326,667
1624319990,684
1624336604,663
1624353246,667
1624369868,651
1624386518,654
1624403142,643
1624419748,611
1624436378,606
1624453016,599
1624469652,599
1624486272,579
1624502918,588
1624519568,594
1624536186,578
1624552822,570
1624569458,571
1624586116,580
1624602736,568
1624619364,554
1624636030,581
1624652656,560
1624669306,576
1624685938,566
1624702582,574
1624719250,592
1624735890,597
1624752526,592
1624769174,602
1624785832,612
1624802486,628
1624819134,637
1624835772,637
1624852440,656
1624869080,660
1624885716,655
1624902376,676
1624919028,682
1624935654,672
1624952308,686
1624968952,692
1624985576,670
1625002234,691
1625018860,679
1625035498,680
1625052156,688
1625068784,682
1625085432,688
1625102040,663
1625118692,667
1625135330,669
1625151948,650
1625168568,633
1625185216,637
1625201842,625
1625218474,617
1625235092,600
1625251728,593
1625268354,585
1625284988,576
1625301624,574
1625318290,591
1625334892,564
1625351528,558
1625368192,581
1625384824,570
1625401458,570
1625418112,579
1625434728,561
1625451392,576
1625468046,591
1625484676,582
1625501322,591
1625517976,599
1625534618,602
1625551278,621
1625567902,610
1625584556,618
1625601212,635
1625617848,631
1625634498,642
1625651164,660
1625667806,665
1625684440,660
1625701088,668
1625717752,684
1625734390,686
1625751030,688
1625767648,669
1625784308,681
1625800952,690
1625817568,665
1625834214,677
1625850858,673
1625867474,654
1625884108,648
1625900754,657
1625917392,650
1625934030,652
1625950650,632
1625967282,626
1625983918,619
1626000542,607
1626017174,600
1626033806,594
1626050456,599
1626067070,580
1626083716,583
1626100338,569
1626116990,576
1626133622,572
1626150260,567
1626166910,581
1626183544,569
1626200166,558
1626216806,557
1626233476,585
1626250116,579
1626266766,592
1626283400,587
1626300034,585
1626316690,591
1626333330,597
1626349980,604
1626366628,616
1626383286,623
1626399952,652
1626416588,649
1626433224,648
1626449880,656
1626466530,670
1626483164,664
1626499824,684
1626516474,688
1626533112,688
1626549742,679
1626566382,683
1626583028,683
1626599660,679
1626616298,676
1626632948,688
1626649586,683
1626666218,675
1626682850,669
1626699496,677
1626716134,669
1626732758,658
1626749364,627
1626766008,633
1626782646,625
1626799256,602
1626815902,606
1626832520,590
1626849160,582
1626865786,576
1626882418,567
1626899066,578
1626915710,574
1626932326,559
1626948978,566
1626965628,579
1626982266,569
1626998898,570
1627015530,558
1627032186,577
1627048838,581
1627065488,595
1627082110,578
1627098758,588
1627115424,608
1627132054,601
1627148704,610
1627165354,620
1627182010,629
1627198652,634
1627215312,653
1627231974,675
1627248614,671
1627265242,662
1627281900,679
1627298534,675
1627315196,690
1627331832,690
1627348488,702
1627365114,694
1627381748,682
1627398392,688
1627415028,686
1627431652,673
1627448306,679
1627464932,671
1627481576,676
1627498198,660
1627514848,664
1627531460,642
1627548092,634
1627564722,628
1627581358,620
1627597972,598
1627614618,602
1627631236,585
1627647902,602
1627664502,573
1627681162,588
1627697796,587
1627714428,572
1627731072,581
1627747696,566
1627764338,569
1627780986,570
1627797608,560
1627814252,560
1627830896,568
1627847550,574
1627864204,591
1627880836,583
1627897496,605
1627914138,600
1627930794,618
1627947430,614
1627964080,625
1627980748,644
1627997364,627
1628014036,657
1628030684,666
1628047326,662
1628063966,665
1628080610,669
1628097242,664
1628113892,667
1628130554,689
1628147168,667
1628163808,669
1628180464,679
1628197108,686
1628213732,670
1628230378,680
1628247022,675
1628263660,677
1628280268,647
1628296898,643
1628313560,658
1628330188,647
1628346804,628
1628363436,623
1628380062,603
1628396698,604
1628413318,585
1628429950,581
1628446592,576
1628463220,570
1628479856,564
1628496502,574
1628513148,572
1628529766,559
1628546420,568
1628563046,560
1628579710,574
1628596346,576
1628612978,566
1628629622,574
1628646274,579
1628662928,593
1628679576,600
1628696210,599
1628712866,607
1628729520,624
1628746170,633
1628762820,644
1628779472,651
1628796114,655
1628812752,651
1628829410,671
1628846064,677
1628862690,667
1628879332,672
1628895988,690
1628912638,691
1628929248,667
1628945886,666
1628962526,668
1628979168,666
1628995798,659
1629012434,655
1629029094,675
1629045722,658
1629062360,660
1629078982,642
1629095624,648
1629112250,629
1629128874,618
1629145506,610
1629162124,593
1629178788,609
1629195412,599
1629212058,603
1629228680,589
1629245318,582
1629261964,589
1629278584,572
1629295222,572
1629311866,570
1629328512,581
1629345140,568
1629361768,560
1629378442,585
1629395082,590
1629411712,580
1629428358,588
1629445000,583
1629461666,610
1629478300,606
1629494938,604
1629511592,613
1629528234,619
1629544898,638
1629561544,649
1629578210,668
1629594828,650
1629611476,656
1629628136,677
1629644788,682
1629661424,683
1629678056,675
1629694710,691
1629711360,692
1629728006,702
1629744620,678
1629761282,702
1629777914,687
1629794556,692
1629811178,675
1629827810,672
1629844440,654
1629861064,645
1629877696,637
1629894340,643
1629910966,624
1629927600,624
1629944218,604
1629960864,611
1629977490,592
1629994102,574
1630010746,576
1630027394,584
1630044024,568
1630060652,564
1630077288,558
1630093940,570
1630110574,558
1630127206,558
1630143846,556
1630160502,573
1630177140,565
1630193778,569
1630210436,583
1630227070,580
1630243736,598
1630260364,591
1630277014,599
1630293674,621
1630310330,629
1630326972,634
1630343634,654
1630360256,642
1630376934,672
1630393578,676
1630410200,660
1630426846,667
1630443498,672
1630460134,673
1630476778,677
1630493420,681
1630510066,681
1630526712,690
1630543362,700
1630559988,689
1630576618,673
1630593260,677
1630609894,671
1630626514,657
1630643154,650
1630659780,641
1630676424,644
1630693042,628
1630709690,631
1630726306,609
1630742962,624
1630759578,607
1630776220,600
1630792856,602
1630809464,574
1630826124,594
1630842780,600
1630859370,563
1630876008,558
1630892658,570
1630909304,570
1630925952,583
1630942584,570
1630959226,576
1630975876,580
1630992500,573
1631009172,599
1631025808,597
1631042462,603
1631059090,596
1631075752,616
1631092376,604
1631109030,612
1631125686,627
1631142346,647
1631158982,646
1631175636,653
1631192264,645
1631208936,673
1631225556,658
1631242232,685
1631258856,675
1631275486,665
1631292138,680
1631308800,691
1631325430,688
1631342070,686
1631358704,686
1631375360,693
1631391974,673
1631408610,668
1631425228,652
1631441866,646
1631458518,658
1631475138,639
1631491768,633
1631508408,626
1631525042,627
1631541664,607
1631558308,615
1631574922,584
1631591550,579
1631608182,570
1631624818,569
1631641462,565
1631658090,562
1631674730,558
1631691368,560
1631708016,560
1631724650,562
1631741292,562
1631757948,579
1631774614,596
1631791252,598
1631807886,593
1631824520,591
1631841176,597
1631857844,625
1631874492,634
1631891126,632
1631907782,641
1631924412,633
1631941074,653
1631957720,662
1631974374,669
1631991000,661
1632007634,654
1632024278,660
1632040952,687
1632057590,687
1632074230,688
1632090858,680
1632107506,679
1632124122,662
1632140772,671
1632157396,658
1632174050,665
1632190664,646
1632207322,662
1632223954,658
1632240568,628
1632257220,641
1632273838,621
1632290456,604
1632307120,620
1632323732,598
1632340378,602
1632357010,598
1632373662,603
1632390274,585
1632406910,579
1632423546,578
1632440202,585
1632456808,561
1632473472,580
1632490100,572
1632506750,573
1632523396,587
1632540028,576
1632556660,572
1632573324,588
1632589952,583
1632606612,598
1632623260,608
1632639904,603
1632656556,620
1632673204,628
1632689854,639
1632706496,635
1632723150,652
1632739798,658
1632756446,668
1632773086,662
1632789726,665
1632806370,669
1632823014,676
1632839664,679
1632856326,701
1632872952,689
1632889606,704
1632906256,702
1632922854,673
1632939490,670
1632956126,668
1632972780,675
1632989406,665
1633006038,658
1633022672,654
1633039298,635
1633055946,647
1633072566,628
1633089196,622
1633105834,614
1633122446,593
1633139102,608
1633155724,594
1633172352,576
1633188992,583
1633205640,587
1633222264,575
1633238884,549
1633255514,549
1633272166,557
1633288810,561
1633305458,562
1633322094,565
1633338738,566
1633355382,573
1633372050,591
1633388674,585
1633405336,602
1633421984,612
1633438626,607
1633455268,612
1633471942,644
1633488580,643
1633505232,651
1633521874,655
1633538522,662
1633555184,683
1633571808,666
1633588448,668
1633605092,672
1633621736,677
1633638398,691
1633655020,677
1633671658,677
1633688298,679
1633704954,688
1633721572,671
1633738208,667
1633754854,676
1633771496,670
1633788122,662
1633804756,654
1633821398,661
1633838024,642
1633854636,620
1633871268,612
1633887900,606
1633904550,611
1633921176,600
1633937808,594
1633954454,602
1633971070,573
1633987698,570
1634004334,562
1634020970,562
1634037630,572
1634054274,583
1634070888,558
1634087542,573
1634104190,577
1634120844,590
1634137474,581
1634154122,590
1634170772,595
1634187414,599
1634204048,595
1634220684,593
1634237354,613
1634253994,618
1634270630,614
1634287292,636
1634303946,644
1634320574,637
1634337234,654
1634353866,652
1634370532,668
1634387170,669
1634403826,684
1634420446,667
1634437104,679
1634453750,688
1634470378,676
1634487016,677
1634503674,686
1634520290,667
1634536936,675
1634553558,661
1634570210,666
1634586836,656
1634603456,638
1634620102,645
1634636724,625
1634653350,614
1634669996,618
1634686614,602
1634703266,606
1634719892,597
1634736526,591
1634753146,576
1634769788,572
1634786416,568
1634803054,562
1634819704,574
1634836338,562
1634852970,562
1634869612,561
1634886266,577
1634902914,580
1634919554,584
1634936212,597
1634952858,606
1634969498,600
1634986140,605
1635002800,623
1635019438,623
1635036092,630
1635052720,624
1635069382,643
1635086028,652
1635102672,648
1635119312,652
1635135958,658
1635152606,667
1635169256,671
1635185906,683
1635202548,685
1635219190,690
1635235826,679
1635252456,675
1635269082,662
1635285720,662
1635302388,682
1635319016,675
1635335638,659
1635352272,656
1635368912,648
1635385538,639
1635402170,631
1635418800,626
1635435450,630
1635452064,609
1635468722,623
1635485338,607
1635501978,600
1635518592,583
1635535226,574
1635551874,584
1635568528,591
1635585162,588
1635601782,572
1635618422,573
1635635070,574
1635651690,562
1635668346,573
1635684976,568
1635701638,583
1635718264,576
1635734936,602
1635751584,611
1635768238,617
1635784864,610
1635801502,606
1635818162,629
1635834818,637
1635851446,629
1635868108,649
1635884756,659
