Time,Tau
9686721
1417235216,712
1417118756,721
1417135388,720
1417152028,721
1417168668,723
1417185304,709
1417201936,710
1417218590,721
1417235216,713
1417251864,709
1417268498,709
1417285136,709
1417301802,735
1417318448,732
1417335056,709
1417351696,709
1417368338,713
1417384984,709
1417401616,710
1417418258,709
1417434910,724
1417451558,721
1417468178,709
1417484830,721
1417501456,713
1417518106,709
1417534738,709
1417551378,709
1417568016,712
1417584678,721
1417601296,709
1417617938,710
1417634578,713
1417651222,709
1417667870,722
1417684522,732
1417701138,712
1417717798,721
1417734418,709
1417751058,709
1417767696,713
1417784344,709
1417800978,709
1417817618,709
1417834256,712
1417850902,709
1417867550,720
1417884190,721
1417900830,724
1417917464,709
1417934110,721
1417950738,709
1417967378,712
1417984034,721
1418000670,720
1418017310,721
1418033936,712
1418050596,721
1418067230,721
1418083870,721
1418100510,723
1418117144,709
1418133776,710
1418150416,709
1418167058,712
1418183704,709
1418200350,721
1418216990,721
1418233618,713
1418250262,709
1418266910,721
1418283550,721
1418300178,712
1418316838,721
1418333470,722
1418350110,721
1418366750,724
1418383410,732
1418400018,709
1418416670,721
1418433310,724
1418449958,721
1418466602,732
1418483218,709
1418499858,712
1418516502,709
1418533138,709
1418549778,709
1418566416,711
1418583076,720
1418599722,732
1418616336,710
1418632976,713
1418649622,709
1418666282,732
1418682896,709
1418699536,711
1418716208,732
1418732818,709
1418749458,709
1418766098,712
1418782742,709
1418799376,710
1418816042,732
1418832682,736
1418849318,721
1418865950,721
1418882590,721
1418899230,724
1418915886,732
1418932498,709
1418949150,721
1418965790,724
1418982436,721
1418999070,721
1419015710,721
1419032350,724
1419048994,721
1419065630,721
1419082270,721
1419098908,724
1419115568,733
1419132204,733
1419148830,721
1419165470,724
1419182130,732
1419198762,732
1419215402,732
1419232042,735
1419248664,709
1419265310,721
1419281938,709
1419298576,712
1419315222,709
1419331856,710
1419348508,721
1419365160,734
1419381782,709
1419398416,710
1419415058,709
1419431698,712
1419448368,732
1419464976,709
1419481616,709
1419498256,712
1419514930,732
1419531536,710
1419548190,721
1419564830,724
1419581464,709
1419598098,709
1419614750,721
1419631390,724
1419648046,732
1419664658,709
1419681296,709
1419697950,724
1419714594,721
1419731216,710
1419747856,710
1419764498,713
1419781144,709
1419797790,721
1419814416,709
1419831070,724
1419847704,709
1419864362,732
1419880990,721
1419897628,723
1419914262,709
1419930922,732
1419947550,721
1419964200,735
1419980824,709
1419997456,709
1420014096,709
1420030736,712
1420047382,709
1420064016,710
1420080670,721
1420097296,712
1420113966,732
1420130602,732
1420147228,721
1420163870,724
1420180530,732
1420197138,709
1420213776,709
1420230430,725
1420247078,721
1420263710,721
1420280338,709
1420296990,724
1420313622,709
1420330270,721
1420346898,709
1420363550,724
1420380196,721
1420396830,721
1420413470,721
1420430110,725
1420446758,721
1420463376,710
1420480018,709
1420496670,725
1420513316,721
1420529950,721
1420546590,721
1420563216,713
1420579864,709
1420596496,709
1420613136,710
1420629800,735
1420646422,709
1420663056,709
1420679696,709
1420696348,724
1420712984,709
1420729616,709
1420746268,721
1420762898,712
1420779556,721
1420796176,710
1420812818,709
1420829458,712
1420846104,709
1420862738,709
1420879378,709
1420896016,712
1420912688,732
1420929296,709
1420945962,732
1420962590,724
1420979248,732
1420995858,709
1421012498,709
1421029138,712
1421045782,709
1421062418,709
1421079058,709
1421095698,712
1421112368,732
1421128976,710
1421145642,733
1421162258,713
1421178926,732
1421195550,721
1421212178,709
1421228842,735
1421245476,721
1421262096,709
1421278762,732
1421295390,724
1421312024,709
1421328658,709
1421345296,710
1421361938,712
1421378582,709
1421395218,709
1421411880,732
1421428496,711
1421445144,709
1421461788,721
1421478418,709
1421495056,712
1421511704,709
1421528336,709
1421544976,709
1421561616,713
1421578264,709
1421594896,709
1421611538,709
1421628178,712
1421644824,709
1421661470,721
1421678096,709
1421694736,712
1421711384,709
1421728016,710
1421744670,722
1421761296,712
1421777956,722
1421794590,721
1421811228,721
1421827870,725
1421844502,709
1421861150,721
1421877790,721
1421894430,725
1421911062,709
1421927710,721
1421944362,732
1421960976,712
1421977624,709
1421994258,709
1422010896,710
1422027536,711
1422044210,732
1422060842,732
1422077458,709
1422094108,724
1422110744,709
1422127390,721
1422144018,709
1422160682,735
1422177316,721
1422193938,709
1422210576,710
1422227216,712
1422243864,709
1422260498,710
1422277150,721
1422293778,713
1422310424,709
1422327070,721
1422343710,721
1422360350,724
1422377008,732
1422393630,721
1422410270,721
1422426910,725
1422443556,721
1422460176,710
1422476816,710
1422493470,724
1422510118,721
1422526750,722
1422543390,721
1422560030,725
1422576676,721
1422593296,709
1422609938,709
1422626588,724
1422643234,721
1422659870,721
1422676496,710
1422693136,712
1422709796,721
1422726442,732
1422743056,710
1422759698,712
1422776344,709
1422793002,732
1422809616,709
1422826256,712
1422842900,709
1422859536,709
1422876178,709
1422892816,712
1422909464,709
1422926110,721
1422942750,721
1422959390,724
1422976036,721
1422992670,721
1423009310,721
1423025950,724
1423042598,721
1423059230,721
1423075870,721
1423092508,723
1423109156,721
1423125790,721
1423142430,721
1423159070,724
1423175714,721
1423192350,722
1423208990,721
1423225632,725
1423242278,721
1423258910,721
1423275550,721
1423292190,724
1423308836,721
1423325470,721
1423342110,721
1423358748,724
1423375398,721
1423392030,721
1423408668,721
1423425322,735
1423441956,721
1423458576,709
1423475216,709
1423491858,712
1423508502,709
1423525138,709
1423541790,721
1423558442,735
1423575076,721
1423591710,721
1423608350,721
1423624990,724
1423641638,721
1423658270,721
1423674910,721
1423691550,724
1423708198,722
1423724818,710
1423741458,709
1423758098,712
1423774744,709
1423791378,709
1423808018,709
1423824656,712
1423841318,721
1423857938,709
1423874590,721
1423891230,725
1423907876,721
1423924510,721
1423941150,721
1423957790,724
1423974422,709
1423991070,721
1424007698,709
1424024350,724
1424040984,709
1424057616,711
1424074270,721
1424090910,723
1424107556,721
1424124200,732
1424140816,709
1424157456,711
1424174104,709
1424190736,709
1424207376,710
1424224016,711
1424240662,709
1424257310,721
1424273950,721
1424290590,724
1424307238,721
1424323870,721
1424340510,721
1424357150,724
1424373784,709
1424390430,721
1424407070,721
1424423708,724
1424440370,732
1424456990,721
1424473630,721
1424490272,725
1424506916,721
1424523538,709
1424540178,710
1424556816,712
1424573474,721
1424590108,721
1424606750,721
1424623390,724
1424640036,721
1424656670,721
1424673298,709
1424689938,712
1424706608,732
1424723216,709
1424739856,710
1424756510,724
1424773144,709
1424789776,710
1424806430,721
1424823070,724
1424839716,721
1424856336,709
1424872978,709
1424889616,712
1424906264,709
1424922896,708
1424939550,721
1424956178,712
1424972836,721
1424989470,721
1425006110,721
1425022762,735
1425039396,721
1425056016,709
1425072656,709
1425089310,724
1425105956,721
1425122590,721
1425139230,721
1425155856,712
1425172518,721
1425189150,722
1425205790,721
1425222430,724
1425239078,721
1425255698,709
1425272350,721
1425288976,711
1425305624,709
1425322258,709
1425338922,732
1425355538,712
1425372184,709
1425388818,709
1425405482,732
1425422096,712
1425438744,709
1425455378,709
1425472016,709
1425488656,713
1425505304,709
1425521950,721
1425538590,721
1425555230,723
1425571866,709
1425588510,721
1425605138,709
1425621776,713
1425638424,709
1425655056,710
1425671708,721
1425688350,723
1425704996,720
1425721616,709
1425738258,709
1425754896,712
1425771558,722
1425788176,710
1425804818,710
1425821458,712
1425838104,709
1425854750,721
1425871390,721
1425888030,724
1425904676,721
1425921310,722
1425937950,721
1425954590,725
1425971238,721
1425987856,709
1426004510,721
1426021162,736
1426037784,709
1426054430,721
1426071080,732
1426087710,725
1426104370,732
1426120976,710
1426137642,732
1426154282,735
1426170916,721
1426187538,709
1426204202,732
1426220816,711
1426237462,709
1426254098,709
1426270750,720
1426287376,712
1426304020,709
1426320682,732
1426337298,709
1426353938,712
1426370584,709
1426387230,721
1426403870,721
1426420510,725
1426437158,721
1426453776,709
1426470418,709
1426487070,724
1426503714,721
1426520350,721
1426536976,709
1426553644,736
1426570274,721
1426586898,709
1426603550,721
1426620178,712
1426636838,721
1426653470,721
1426670110,721
1426686750,725
1426703384,709
1426720030,721
1426736670,721
1426753310,724
1426769956,721
1426786576,710
1426803230,721
1426819870,724
1426836514,721
1426853136,709
1426869802,732
1426886428,724
1426903078,721
1426919722,732
1426936350,721
1426952976,711
1426969624,709
1426986256,709
1427002896,709
1427019536,712
1427036196,721
1427052830,721
1427069470,721
1427086110,723
1427102756,721
1427119390,721
1427136018,709
1427152670,725
1427169314,721
1427185950,721
1427202590,721
1427219218,713
1427235864,709
1427252510,721
1427269150,721
1427285802,735
1427302422,709
1427319068,721
1427335710,721
1427352350,724
1427368998,721
1427385630,721
1427402256,709
1427418898,713
1427435556,721
1427452176,710
1427468818,709
1427485456,712
1427502102,709
1427518736,710
1427535378,709
1427552030,725
1427568678,721
1427585298,709
1427601950,721
1427618602,735
1427635236,721
1427651870,721
1427668510,721
1427685150,725
1427701808,732
1427718430,721
1427735082,732
1427751708,724
1427768356,721
1427784990,721
1427801630,721
1427818268,724
1427834918,721
1427851550,721
1427868190,721
1427884830,724
1427901478,722
1427918110,721
1427934750,721
1427951390,724
1427968034,721
1427984670,721
1428001310,721
1428017936,712
1428034584,709
1428051218,709
1428067858,709
1428084522,735
1428101170,732
1428117776,710
1428134418,709
1428151058,712
1428167704,709
1428184350,721
1428200976,710
1428217618,712
1428234278,721
1428250922,732
1428267562,732
1428284190,724
1428300836,721
1428317468,721
1428334110,721
1428350736,713
1428367398,721
1428384030,721
1428400670,721
1428417308,724
1428433958,721
1428450590,721
1428467230,721
1428483868,723
1428500518,721
1428517138,710
1428533790,721
1428550418,713
1428567076,721
1428583698,709
1428600336,709
1428616990,724
1428633638,721
1428650256,709
1428666910,721
1428683550,724
1428700196,721
1428716842,732
1428733470,721
1428750110,724
1428766756,721
1428783390,721
1428800016,709
1428816668,724
1428833318,721
1428849950,721
1428866578,709
1428883230,724
1428899862,709
1428916510,721
1428933150,721
1428949790,724
1428966434,721
1428983068,721
1428999698,709
1429016336,712
1429032982,709
1429049630,721
1429066270,721
1429082910,724
1429099554,721
1429116176,710
1429132828,721
1429149456,712
1429166102,709
1429182750,721
1429199390,721
1429216030,724
1429232676,721
1429249310,721
1429265950,722
1429282578,713
1429299234,721
1429315870,721
1429332508,721
1429349150,724
1429365810,732
1429382416,709
1429399070,721
1429415708,724
1429432344,709
1429448990,721
1429465618,709
1429482270,724
1429498918,721
1429515550,721
1429532190,721
1429548830,725
1429565478,721
1429582096,709
1429598736,709
1429615378,712
1429632024,709
1429648658,709
1429665310,721
1429681950,724
1429698584,709
1429715216,709
1429731856,710
1429748496,712
1429765144,710
1429781776,709
1429798430,721
1429815058,712
1429831704,709
1429848350,721
1429864990,721
1429881642,735
1429898274,721
1429914896,710
1429931538,709
1429948178,712
1429964848,732
1429981482,732
1429998110,721
1430014750,724
1430031396,721
1430048030,722
1430064670,722
1430081296,712
1430097942,709
1430114590,721
1430131228,721
1430147870,725
1430164506,709
1430181150,721
1430197802,732
1430214416,713
1430231064,709
1430247696,709
1430264350,721
1430280978,712
1430297636,721
1430314256,709
1430330896,710
1430347536,711
1430364184,709
1430380816,709
1430397456,710
1430414096,711
1430430756,721
1430447402,732
1430464018,709
1430480656,713
1430497304,709
1430513938,709
1430530590,721
1430547216,712
1430563876,721
1430580508,721
1430597148,721
1430613790,724
1430630434,721
1430647056,710
1430663710,721
1430680350,724
1430696998,721
1430713630,721
1430730258,709
1430746910,724
1430763556,721
1430780190,721
1430796830,721
1430813468,724
1430830118,721
1430846748,721
1430863390,721
1430880030,724
1430896688,732
1430913296,709
1430929936,709
1430946576,712
1430963238,721
1430979856,709
1430996498,709
1431013136,713
1431029808,732
1431046440,732
1431063056,710
1431079696,713
1431096370,732
1431113000,732
1431129628,721
1431146256,712
1431162904,709
1431179536,710
1431196190,721
1431212818,712
1431229476,721
1431246110,721
1431262750,721
1431279390,724
1431296036,721
1431312670,721
1431329308,721
1431345950,724
1431362596,721
1431379230,721
1431395870,721
1431412510,724
1431429156,721
1431445790,721
1431462430,721
1431479070,724
1431495702,709
1431512348,721
1431528990,721
1431545630,725
1431562262,709
1431578896,709
1431595536,709
1431612178,712
1431628836,721
1431645458,709
1431662122,732
1431678750,725
1431695408,732
1431712016,709
1431728656,709
1431745296,712
1431761944,709
1431778576,710
1431795218,709
1431811856,711
1431828518,721
1431845150,721
1431861790,721
1431878440,735
1431895078,721
1431911710,721
1431928350,721
1431944990,724
1431961638,721
1431978270,721
1431994910,721
1432011550,725
1432028208,732
1432044816,710
1432061468,721
1432078108,723
1432094754,721
1432111378,709
1432128030,721
1432144670,724
1432161318,721
1432177950,721
1432194590,721
1432211228,724
1432227862,710
1432244522,732
1432261150,721
1432277788,724
1432294436,721
1432311056,709
1432327708,721
1432344350,724
1432360982,709
1432377618,709
1432394256,710
1432410896,712
1432427544,709
1432444176,709
1432460816,710
1432477470,724
1432494128,732
1432510736,709
1432527378,709
1432544030,723
1432560662,709
1432577310,721
1432593950,721
1432610590,724
1432627238,721
1432643856,709
1432660510,721
1432677150,724
1432693794,721
1432710442,732
1432727070,721
1432743710,724
1432760356,721
1432776990,721
1432793630,721
1432810270,724
1432826918,721
1432843550,721
1432860190,721
1432876830,724
1432893474,721
1432910110,722
1432926750,721
1432943390,724
1432960034,721
1432976670,721
1432993310,721
1433009948,723
1433026608,732
1433043242,732
1433059856,709
1433076498,712
1433093156,721
1433109778,709
1433126430,721
1433143056,711
1433159704,709
1433176338,709
1433192976,710
1433209616,712
1433226264,709
1433242896,710
1433259536,709
1433276176,712
1433292838,721
1433309456,709
1433326110,721
1433342750,724
1433359398,721
1433376030,721
1433392670,721
1433409310,725
1433425958,721
1433442590,721
1433459230,721
1433475870,725
1433492518,721
1433509138,710
1433525790,721
1433542430,725
1433559076,721
1433575710,721
1433592350,721
1433608990,724
1433625636,721
1433642270,721
1433658910,721
1433675548,724
1433692196,721
1433708830,721
09
