Time,Tau
1
980802,814
1014397442,813
1014414070,805
1014297604,814
1014314242,814
1014330882,814
1014347522,816
1014364162,813
1014380802,814
1014397442,813
1014414070,805
1014497604,814
1014314242,814
1014330882,814
1014347522,816
1014364162,813
1014380802,814
1014397442,813
1014414070,805
1014430710,801
1014447348,801
1014463990,801
1014480628,805
1014497282,813
1014513922,813
1014530548,801
1014547176,793
1014563830,801
1014580468,801
1014597110,801
1014613750,804
1014630390,801
1014647028,801
1014663668,801
1014680310,804
1014696962,813
1014713602,812
1014730228,801
1014746856,793
1014763510,801
1014780150,801
1014796804,814
1014813442,816
1014830084,814
1014846710,802
1014863350,802
1014880002,816
1014896644,814
1014913284,814
1014929910,802
1014946562,816
1014963202,813
1014979844,814
1014996470,802
1015013108,805
1015029762,814
1015046404,814
1015063042,814
1015079684,816
1015096334,824
1015112948,801
1015129602,813
1015146242,816
1015162882,813
1015179508,801
1015196164,814
1015212802,816
1015229430,801
1015246068,801
1015262710,801
1015279350,804
1015295990,802
1015312642,813
1015329270,802
1015345910,804
1015362538,789
1015379178,790
1015395830,801
1015412458,793
1015429096,790
1015445762,813
1015462390,802
1015479030,805
1015495670,801
1015512310,802
1015528938,790
1015545590,804
1015562230,801
1015578858,790
1015595510,801
1015612150,804
1015628790,801
1015645430,801
1015662056,790
1015678710,804
1015695336,789
1015711990,801
1015728630,802
1015745270,805
1015761910,802
1015778550,801
1015795190,801
1015811830,805
1015828470,801
1015845122,814
1015861764,814
1015878402,816
1015895042,814
1015911684,813
1015928324,814
1015944964,816
1015961590,803
1015978244,813
1015994884,814
1016011512,805
1016028162,814
1016044804,814
1016061442,814
1016078082,816
1016094724,813
1016111376,825
1016128002,814
1016144644,816
1016161282,813
1016177908,801
1016194564,813
1016211202,816
1016227830,801
1016244468,801
1016261108,801
1016277750,804
1016294390,801
1016311030,801
1016327668,801
1016344322,815
1016360950,801
1016377576,789
1016394230,801
1016410858,793
1016427510,801
1016444148,801
1016460790,801
1016477430,804
1016494070,802
1016510708,801
1016527350,802
1016543976,793
1016560618,790
1016577284,813
1016593910,802
1016610550,805
1016627190,802
1016643844,814
1016660484,814
1016677112,805
1016693764,814
1016710404,814
1016727042,813
1016743682,816
1016760322,813
1016776964,813
1016793604,814
1016810244,816
1016826870,801
1016843510,801
1016860164,814
1016876814,828
1016893444,813
1016910068,801
1016926724,814
1016943376,827
1016960002,814
1016976630,801
1016993284,814
1017009936,828
1017026550,801
1017043190,802
1017059830,801
1017076468,805
1017093110,802
1017109762,813
1017126390,801
1017143032,805
1017159670,802
1017176310,802
1017192950,801
1017209604,816
1017226228,802
1017242858,790
1017259524,813
1017276138,793
1017292790,801
1017309430,802
1017326070,801
1017342710,805
1017359350,801
1017375990,801
1017392616,790
1017409258,793
1017425922,814
1017442564,814
1017459176,790
1017475818,793
1017492470,801
1017509122,813
1017525762,813
1017542404,816
1017559042,814
1017575672,802
1017592310,802
1017608950,805
1017625602,813
1017642230,802
1017658884,814
1017675510,805
1017692150,802
1017708790,803
1017725432,802
1017742082,816
1017758710,802
1017775362,813
1017792004,814
1017808644,817
1017825282,814
1017841924,814
1017858564,814
1017875190,805
1017891842,813
1017908484,814
1017925122,814
1017941750,805
1017958404,814
1017975030,801
1017991670,802
1018008322,816
1018024936,791
1018041602,813
1018058230,802
1018074882,816
1018091498,789
1018108150,801
1018124778,790
1018141418,793
1018158070,801
1018174710,801
1018191350,802
1018207990,804
1018224618,789
1018241258,789
1018257910,801
1018274550,805
1018291190,802
1018307830,802
1018324470,802
1018341110,804
1018357750,802
1018374390,801
1018391042,814
1018407682,816
1018424322,814
1018440962,814
1018457588,801
1018474244,816
1018490882,813
1018507524,814
1018524164,814
1018540802,817
1018557430,802
1018574082,813
1018590722,813
1018607362,816
1018624002,814
1018640644,814
1018657284,814
1018673924,817
1018690562,814
1018707190,802
1018723854,824
1018740470,805
1018757122,813
1018773776,826
1018790390,802
1018807032,805
1018823670,802
1018840312,803
1018856950,801
1018873604,817
1018890230,801
1018906884,814
1018923524,814
1018940164,816
1018956790,801
1018973430,802
1018990084,813
1019006698,793
1019023350,801
1019039990,801
1019056618,791
1019073270,805
1019089908,801
1019106550,801
1019123190,801
1019139828,804
1019156470,802
1019173098,790
1019189750,801
1019206388,804
1019223018,790
1019239670,801
1019256310,802
1019272950,804
1019289602,813
1019306242,813
1019322882,812
1019339508,804
1019356150,802
1019372790,802
1019389430,801
1019406070,805
1019422724,814
1019439376,826
1019455992,802
1019472644,817
1019489270,802
1019505910,802
1019522576,825
1019539204,816
1019555830,802
1019572484,813
1019589124,814
1019605762,816
1019622390,802
1019639032,802
1019655672,803
1019672310,805
1019688950,801
1019705590,802
1019722232,802
1019738870,805
1019755510,801
1019772148,801
1019788788,801
1019805430,805
1019822082,812
1019838722,813
1019855350,801
1019871990,805
1019888644,813
1019905284,813
1019921924,813
1019938562,816
1019955204,813
1019971818,790
1019988482,813
1020005124,816
1020021750,802
1020038390,802
1020055018,790
1020071670,805
1020088310,801
1020104938,791
1020121590,802
1020138218,793
1020154870,801
1020171498,791
1020188150,801
1020204792,805
1020221430,801
1020238070,802
1020254710,801
1020271364,816
1020288004,814
1020304630,802
1020321282,813
1020337910,805
1020354550,801
1020371190,802
1020387830,802
1020404470,805
1020421124,813
1020437752,802
1020454392,802
1020471030,805
1020487696,825
1020504336,825
1020520952,802
1020537590,805
1020554230,802
1020570896,825
1020587524,814
1020604164,817
1020620790,802
1020637456,826
1020654082,814
1020670724,817
1020687350,803
1020704004,814
1020720630,802
1020737270,805
1020753910,802
1020770550,801
1020787192,802
1020803830,805
1020820482,814
1020837110,802
1020853750,801
1020870390,805
1020887030,801
1020903670,802
1020920322,813
1020936962,816
1020953590,801
1020970230,802
1020986870,801
1021003510,804
1021020150,802
1021036790,801
1021053430,802
1021070070,804
1021086710,802
1021103338,790
1021119990,801
1021136618,793
1021153270,802
1021169910,802
1021186564,814
1021203204,817
1021219844,814
1021236484,814
1021253124,814
1021269750,805
1021286404,814
1021303044,814
1021319670,802
1021336324,817
1021352976,826
1021369604,814
1021386244,814
1021402884,816
1021419510,802
1021436164,814
1021452790,801
1021469430,805
1021486070,802
1021502710,801
1021519350,802
1021536004,817
1021552630,802
1021569270,801
1021585910,802
1021602550,805
1021619202,814
1021635830,802
1021652470,802
1021669124,816
1021685750,802
1021702378,790
1021719018,791
1021735670,804
1021752310,802
1021768950,801
1021785602,813
1021802230,805
1021818882,812
1021835524,813
1021852150,802
1021868804,816
1021885430,801
1021902082,812
1021918712,802
1021935350,805
1021951992,802
1021968630,801
1021985270,801
1022001910,805
1022018562,813
1022035202,813
1022051844,813
1022068482,816
1022085122,812
1022101750,802
1022118404,814
1022135044,816
1022151684,814
1022168324,814
1022184950,802
1022201590,805
1022218244,814
1022234884,814
1022251524,814
1022268152,805
1022284790,802
1022301444,814
1022318096,826
1022334710,805
1022351376,826
1022367990,801
1022384654,825
1022401270,805
1022417910,802
1022434552,802
1022451192,802
1022467832,805
1022484470,802
1022501122,813
1022517752,802
1022534402,816
1022551044,813
1022567682,813
1022584310,802
1022600964,816
1022617604,813
1022634242,813
1022650856,789
1022667496,793
1022684162,813
1022700790,801
1022717444,813
1022734056,792
1022750722,813
1022767350,802
1022784002,813
1022800642,815
1022817270,802
1022833910,801
1022850550,802
1022867190,805
1022883830,802
1022900468,801
1022917110,801
1022933750,805
1022950402,814
1022967044,814
1022983672,802
1023000324,817
1023016950,803
1023033604,814
1023050244,814
1023066894,828
1023083512,803
1023100150,802
1023116790,802
1023133430,804
1023150070,802
1023166710,802
1023183362,814
1023200016,828
1023216656,825
1023233296,826
1023249912,802
1023266562,816
1023283202,814
1023299830,801
1023316470,801
1023333110,804
1023349750,802
1023366390,802
1023383030,801
1023399670,805
1023416310,802
1023432950,802
1023449588,801
1023466230,805
1023482858,790
1023499524,814
1023516150,802
1023532778,793
1023549430,802
1023566058,790
1023582724,813
1023599350,805
1023615990,802
1023632628,801
1023649270,801
1023665898,793
1023682550,801
1023699190,801
1023715830,801
1023732456,793
1023749110,801
1023765736,790
1023782388,801
1023799042,816
1023815658,790
1023832324,814
1023848964,813
1023865590,804
1023882230,801
1023898882,814
1023915512,802
1023932162,816
1023948790,802
1023965432,802
1023982084,814
1023998724,817
1024015350,803
1024032004,813
1024048644,814
1024065272,805
1024081924,814
1024098552,803
1024115202,814
1024131842,816
1024148484,814
1024165124,814
1024181762,814
1024198402,816
1024215042,814
1024231684,813
1024248324,813
1024264962,816
1024281602,814
1024298242,813
1024314882,814
1024331522,816
1024348162,813
1024364778,791
1024381418,790
1024398058,793
1024414698,790
1024431360,812
1024448000,812
1024464616,793
1024481258,791
1024497910,801
1024514548,801
1024531178,793
1024547816,790
1024564456,790
1024581096,790
1024597762,816
1024614390,801
1024631016,790
1024647670,801
1024664298,793
1024680962,814
1024697602,814
1024714242,814
1024730882,816
1024747524,813
1024764162,814
1024780804,814
1024797444,817
1024814084,814
1024830724,814
1024847364,814
1024864004,816
1024880644,813
1024897282,814
1024913922,814
1024930564,816
1024947204,814
1024963842,813
1024980484,814
1024997110,805
1025013750,802
1025030402,813
1025047044,813
1025063682,816
1025080310,802
1025096952,802
1025113590,802
1025130230,805
1025146884,814
1025163510,803
1025180152,802
1025196802,816
1025213444,813
1025230070,801
1025246722,814
1025263362,816
1025280004,814
1025296618,790
1025313282,813
1025329896,793
1025346564,813
1025363178,791
1025379830,801
1025396468,805
1025413110,801
1025429738,790
1025446378,790
1025463030,804
1025479670,801
1025496310,801
1025512948,801
1025529578,793
1025546230,802
1025562870,801
1025579508,801
1025596150,804
1025612790,802
1025629444,814
1025646058,791
1025662724,816
1025679364,814
1025696004,814
1025712644,814
1025729282,816
1025745910,802
1025762550,802
1025779202,814
1025795830,805
1025812484,814
1025829110,803
1025845764,814
1025862392,805
1025879030,803
1025895670,803
1025912310,803
1025928952,805
1025945590,802
1025962244,814
1025978884,814
1025995522,816
1026012162,813
1026028804,814
1026045444,814
1026062082,816
1026078724,814
1026095350,801
1026111990,801
1026128644,816
1026145284,813
1026161910,801
1026178538,790
1026195190,804
1026211818,790
1026228456,790
1026245096,790
1026261762,816
1026278378,791
1026295042,812
1026311682,813
1026328310,805
1026344962,814
1026361578,790
1026378242,813
1026394868,805
1026411498,791
1026428138,790
1026444778,790
1026461444,816
1026478082,814
1026494698,790
1026511362,814
1026528002,816
1026544630,803
1026561284,813
1026577924,814
1026594562,816
1026611190,801
1026627844,813
1026644482,813
1026661110,805
1026677764,814
1026694402,814
1026711044,813
1026727684,816
1026744322,813
1026760964,813
1026777602,814
1026794230,805
1026810884,814
1026827510,802
1026844164,814
1026860802,816
1026877442,813
1026894082,814
1026910722,813
1026927362,816
1026943990,802
1026960644,813
1026977282,813
1026993922,816
1027010550,801
1027027190,801
1027043818,790
1027060470,805
1027077110,801
1027093738,791
1027110390,802
1027127030,805
1027143670,801
1027160322,813
1027176962,812
1027193590,805
1027210230,801
1027226870,801
1027243510,801
1027260148,805
1027276790,801
1027293430,801
1027310082,812
1027326710,805
1027343338,790
1027359990,801
1027376630,802
1027393270,805
1027409898,790
1027426552,802
1027443204,814
1027459830,805
1027476470,802
1027493122,813
1027509764,813
1027526404,816
1027543044,814
1027559682,814
1027576324,814
1027592950,805
1027609604,814
1027626230,802
1027642884,814
1027659522,816
1027676164,813
1027692804,814
1027709442,814
1027726084,817
1027742710,802
1027759362,813
1027775990,802
1027792642,816
1027809270,802
1027825910,802
1027842550,802
1027859202,816
1027875830,802
1027892484,814
1027909122,813
1027925750,804
1027942390,801
1027959030,802
1027975658,790
1027992308,804
1028008936,790
1028025578,790
1028042230,802
1028058884,816
1028075510,802
1028092150,802
1028108778,791
1028125430,805
1028142082,813
1028158696,790
1028175338,791
1028191990,805
1028208630,801
1028225258,790
1028241898,790
1028258550,805
1028275178,791
1028291844,813
1028308458,790
1028325122,816
1028341764,814
1028358402,813
1028375042,814
1028391670,804
1028408322,814
1028424950,802
1028441602,813
1028458242,816
1028474884,814
1028491524,813
1028508164,814
1028524802,816
1028541442,814
1028558082,814
1028574724,814
1028591362,816
1028608004,814
1028624644,814
1028641284,814
1028657924,816
1028674562,814
1028691204,814
1028707844,814
1028724472,805
1028741110,802
1028757764,813
1028774404,813
1028791042,816
1028807682,814
1028824322,814
1028840952,802
1028857590,805
1028874230,802
1028890882,813
1028907510,802
1028924150,805
1028940776,791
1028957418,790
1028974084,813
1028990708,805
1029007350,801
1029023976,789
1029040644,813
1029057256,792
1029073910,801
1029090550,802
1029107178,790
1029123842,816
1029140484,813
1029157122,813
1029173736,790
1029190402,816
1029207030,803
1029223684,814
1029240324,814
1029256964,816
1029273604,814
1029290244,814
1029306884,814
1029323522,817
1029340162,814
1029356802,813
1029373442,813
1029390082,816
1029406724,814
1029423364,813
1029440004,814
1029456642,816
1029473284,814
1029489924,814
1029506564,814
1029523202,816
1029539844,814
1029556482,813
1029573110,801
1029589750,805
1029606402,814
1029623030,802
1029639682,813
1029656310,805
1029672964,814
1029689602,813
1029706242,813
1029722882,816
1029739524,814
1029756150,802
1029772778,790
1029789444,816
1029806056,790
1029822710,801
1029839362,813
1029855988,804
1029872618,790
1029889258,790
1029905910,802
1029922550,804
1029939178,790
1029955818,791
1029972456,790
1029989110,805
1030005750,802
1030022404,813
1030039018,790
1030055682,816
1030072298,790
1030088950,801
1030105578,790
1030122216,793
1030138882,813
1030155496,790
1030172164,814
1030188802,816
1030205430,801
1030222084,813
1030238708,801
1030255350,805
1030272004,814
1030288644,814
1030305284,814
1030321924,816
1030338550,802
1030355190,802
1030371842,814
1030388484,816
1030405122,814
1030421762,814
1030438402,813
1030455044,817
1030471672,803
1030488324,814
1030504952,803
1030521602,816
1030538230,802
1030554870,802
1030571510,802
1030588164,816
1030604804,813
1030621444,814
1030638068,801
1030654724,816
1030671362,812
1030687978,790
1030704630,802
1030721258,793
