Time,Tau
0739098010698,532
2098027314,505
2098043998,476
2097927454,489
2097944086,485
2097960726,479
2097977366,484
2097994012,488
2098010698,532
2098027314,505
2098043968,524
2098060604,516
2098077264,539
2098093930,558
2098110562,553
2098127196,547
2098143842,557
2098160510,574
2098177150,580
2098193784,570
2098210440,589
2098227066,570
2098243714,584
2098260344,572
2098276984,576
2098293644,587
2098310276,587
2098326914,582
2098343566,595
2098360208,591
2098376836,586
2098393460,567
2098410094,564
2098426756,581
2098443384,575
2098460014,564
2098476648,560
2098493286,553
2098509898,533
2098526542,534
2098543162,518
2098559802,511
2098576438,516
2098593060,495
2098609692,492
2098626334,486
2098642974,494
2098659612,486
2098676248,487
2098692878,473
2098709498,461
2098726188,503
2098742778,461
2098759466,496
2098776074,475
2098792706,467
2098809352,472
2098826004,476
2098842666,504
2098859338,530
2098875962,517
2098892602,513
2098909244,519
2098925892,524
2098942540,535
2098959208,553
2098975824,539
2098992472,543
2099009120,553
2099025796,582
2099042426,577
2099059072,579
2099075704,576
2099092382,602
2099109006,591
2099125636,582
2099142278,587
2099158938,599
2099175570,597
2099192196,583
2099208822,573
2099225478,581
2099242106,578
2099258742,570
2099275362,557
2099292016,562
2099308644,556
2099325276,545
2099341894,530
2099358546,534
2099375182,537
2099391802,516
2099408446,522
2099425086,516
2099441698,497
2099458342,499
2099474964,484
2099491618,490
2099508232,473
2099524894,489
2099541516,477
2099558160,474
2099574792,473
2099591456,492
2099608070,472
2099624744,496
2099641380,497
2099657996,474
2099674640,481
2099691318,509
2099707970,525
2099724578,494
2099741236,514
2099757878,509
2099774534,528
2099791166,520
2099807804,519
2099824472,539
2099841126,558
2099857772,562
2099874398,550
2099891064,568
2099907704,574
2099924336,566
2099940996,585
2099957634,579
2099974284,592
2099990914,582
2100007582,610
2100024230,611
2100040864,609
2100057490,596
2100074140,609
2100090774,595
2100107416,600
2100124038,585
2100140674,583
2100157312,577
2100173952,583
2100190586,573
2100207218,570
2100223830,539
2100240456,531
2100257086,520
2100273744,539
2100290368,519
2100307008,524
2100323640,514
2100340286,522
2100356890,482
2100373516,476
2100390162,480
2100406798,478
2100423454,486
2100440060,461
2100456714,472
2100473364,482
2100489996,471
2100506632,473
2100523262,463
2100539904,466
2100556556,471
2100573220,497
2100589864,501
2100606498,497
2100623154,505
2100639830,545
2100656440,515
2100673104,537
2100689746,533
2100706398,553
2100723022,535
2100739696,568
2100756326,551
2100772990,581
2100789624,573
2100806272,581
2100822936,597
2100839564,591
2100856192,579
2100872836,585
2100889508,610
2100906130,596
2100922770,597
2100939410,598
2100956068,608
2100972684,591
2100989332,599
2101005942,574
2101022610,592
2101039224,575
2101055856,566
2101072502,573
2101089140,566
2101105752,547
2101122398,549
2101139016,532
2101155670,536
2101172280,517
2101188926,518
2101205546,503
2101222172,485
2101238812,491
2101255470,506
2101272108,505
2101288724,477
2101305380,497
2101321994,473
2101338630,471
2101355290,483
2101371900,461
2101388528,451
2101405182,465
2101421844,479
2101438486,484
2101455118,474
2101471788,505
2101488430,500
2101505044,484
2101521728,522
2101538366,521
2101555008,516
2101571662,536
2101588296,529
2101604958,551
2101621626,570
2101638242,553
2101654900,569
2101671560,589
2101688188,572
2101704842,588
2101721482,589
2101738138,606
2101754762,585
2101771396,587
2101788050,597
2101804702,610
2101821348,609
2101837952,583
2101854602,589
2101871238,588
2101887892,595
2101904522,590
2101921128,558
2101937774,566
2101954414,559
2101971052,564
2101987660,530
2102004302,537
2102020942,529
2102037566,522
2102054210,523
2102070818,496
2102087482,513
2102104084,484
2102120718,476
2102137378,496
2102154008,481
2102170624,466
2102187260,463
2102203900,462
2102220556,473
2102237194,473
2102253846,483
2102270476,476
2102287148,501
2102303762,482
2102320408,483
2102337066,503
2102353692,485
2102370332,492
2102386992,508
2102403628,506
2102420282,513
2102436936,532
2102453572,525
2102470246,558
2102486876,543
2102503516,550
2102520178,565
2102536810,562
2102553486,591
2102570114,585
2102586760,585
2102603390,581
2102620030,572
2102636688,594
2102653304,572
2102669942,574
2102686602,585
2102703234,583
2102719872,578
2102736520,589
2102753148,573
2102769778,569
2102786410,560
2102803056,568
2102819696,562
2102836322,555
2102852966,557
2102869586,540
2102886238,544
2102902838,514
2102919494,526
2102936128,522
2102952766,515
2102969380,497
2102986014,489
2103002646,486
2103019302,494
2103035906,467
2103052542,465
2103069194,474
2103085840,473
2103102472,473
2103119114,473
2103135754,474
2103152414,488
2103169040,480
2103185708,504
2103202318,477
2103218996,505
2103235634,511
2103252256,492
2103268904,501
2103285556,509
2103302212,528
2103318848,520
2103335520,555
2103352150,539
2103368816,568
2103385440,550
2103402088,559
2103418738,564
2103435404,591
2103452050,595
2103468694,602
2103485332,594
2103501954,584
2103518608,595
2103535250,597
2103551896,597
2103568528,593
2103585152,579
2103601790,579
2103618444,587
2103635060,571
2103651694,564
2103668328,560
2103684968,554
2103701606,559
2103718226,537
2103734858,533
2103751508,537
2103768158,552
2103784766,519
2103801412,526
2103818022,496
2103834676,513
2103851322,516
2103867918,478
2103884572,485
2103901200,480
2103917824,466
2103934462,463
2103951106,462
2103967752,473
2103984396,473
2104001046,485
2104017682,476
2104034344,502
2104050962,480
2104067644,520
2104084274,503
2104100910,508
2104117558,512
2104134192,509
2104150834,505
2104167502,536
2104184148,540
2104200772,528
2104217440,547
2104234082,553
2104250716,546
2104267374,568
2104284018,562
2104300684,590
2104317314,581
2104333946,578
2104350610,593
2104367246,592
2104383874,583
2104400528,598
2104417190,610
2104433820,606
2104450436,581
2104467084,594
2104483726,591
2104500370,595
2104516978,567
2104533626,576
2104550266,570
2104566890,563
2104583524,553
2104600168,561
2104616794,541
2104633420,534
2104650038,513
2104666684,520
2104683320,512
2104699946,505
2104716580,496
2104733214,493
2104749842,476
2104766496,494
2104783156,511
2104799744,465
2104816376,451
2104833006,450
2104849684,481
2104866312,473
2104882936,451
2104899596,476
2104916226,467
2104932908,506
2104949548,498
2104966160,481
2104982808,483
2104999456,494
2105016118,511
2105032748,507
2105049424,535
2105066048,522
2105082700,529
2105099344,537
2105116004,553
2105132638,551
2105149306,570
2105165932,564
2105182602,589
2105199236,586
2105215886,589
2105232536,602
2105249154,581
2105265794,585
2105282456,598
2105299090,595
2105315728,593
2105332378,606
2105349022,603
2105365642,588
2105382286,593
2105398908,579
2105415550,573
2105432188,579
2105448820,569
2105465452,564
2105482092,558
2105498704,539
2105515348,540
2105531956,513
2105548608,516
2105565244,521
2105581852,490
2105598524,520
2105615152,503
2105631780,497
2105648402,480
2105665064,501
2105681706,499
2105698352,509
2105714954,473
2105731604,484
2105748266,497
2105764860,463
2105781544,497
2105798174,493
2105814822,496
2105831450,489
2105848098,492
2105864730,490
2105881422,530
2105898036,515
2105914710,541
2105931334,529
2105947988,536
2105964618,532
2105981278,548
2105997912,547
2106014566,553
2106031208,559
2106047854,562
2106064500,570
2106081164,587
2106097814,600
2106114446,591
2106131086,595
2106147724,585
2106164382,606
2106181008,594
2106197634,584
2106214292,594
2106230932,599
2106247568,595
2106264204,594
2106280846,588
2106297472,583
2106314080,551
2106330726,558
2106347366,551
2106364002,555
2106380608,522
2106397266,541
2106413906,534
2106430530,526
2106447162,516
2106463772,490
2106480438,507
2106497052,490
2106513676,473
2106530334,494
2106546952,467
2106563584,465
2106580220,463
2106596874,474
2106613522,474
2106630166,486
2106646822,498
2106663428,469
2106680090,484
2106696728,488
2106713386,501
2106730034,510
2106746660,493
2106763314,511
2106779962,515
2106796596,514
2106813252,521
2106829920,551
2106846554,544
2106863202,554
2106879842,549
2106896508,579
2106913130,559
2106929788,579
2106946438,584
2106963082,587
2106979710,577
2106996352,583
2107013000,583
2107029646,593
2107046262,570
2107062914,584
2107079572,593
2107096188,580
2107112838,585
2107129448,561
2107146102,567
2107162742,573
2107179388,576
2107196010,560
2107212646,553
2107229286,558
2107245916,548
2107262526,521
2107279164,514
2107295812,529
2107312446,520
2107329066,504
2107345694,486
2107362322,482
2107379006,520
2107395616,495
2107412246,480
2107428914,511
2107445502,463
2107462166,486
2107478812,485
2107495434,474
2107512100,496
2107528718,478
2107545354,470
2107562006,486
2107578650,487
2107595286,484
2107611964,513
2107628578,496
2107645224,499
2107661884,521
2107678526,516
2107695180,536
2107711830,539
2107728464,539
2107745118,545
2107761770,563
2107778420,568
2107795064,575
2107811718,581
2107828356,585
2107845000,587
2107861656,604
2107878292,594
2107894914,584
2107911554,583
2107928206,597
2107944840,584
2107961472,581
2107978108,576
2107994744,574
2108011400,581
2108028012,565
2108044660,568
2108061280,553
2108077918,546
2108094560,551
2108111176,529
2108127810,525
2108144474,541
2108161072,510
2108177706,501
2108194364,520
2108210988,502
2108227616,496
2108244252,488
2108260874,474
2108277542,493
2108294160,478
2108310798,475
2108327458,497
2108344068,462
2108360750,508
2108377380,495
2108393996,477
2108410672,503
2108427296,495
2108443966,519
2108460586,504
2108477212,486
2108493866,504
2108510526,520
2108527174,530
2108543816,524
2108560482,555
2108577094,525
2108593742,536
2108610408,554
2108627048,561
2108643696,564
2108660330,562
2108676982,568
2108693644,592
2108710278,585
2108726910,581
2108743558,583
2108760218,604
2108776848,594
2108793488,597
2108810122,585
2108826766,592
2108843390,578
2108860038,589
2108876682,585
2108893324,591
2108909958,584
2108926590,581
2108943230,574
2108959856,568
2108976464,534
2108993108,541
2109009746,534
2109026370,526
2109043002,516
2109059648,524
2109076276,505
2109092890,488
2109109522,480
2109126194,511
2109142798,473
2109159442,481
2109176078,475
2109192728,487
2109209334,452
2109225982,462
2109242608,451
2109259288,487
2109275922,477
2109292548,469
2109309230,505
2109325836,477
2109342490,482
2109359130,488
2109375788,503
2109392436,513
2109409090,520
2109425718,515
2109442392,543
2109459026,541
2109475680,548
2109492312,545
2109508958,548
2109525630,580
2109542268,575
2109558896,568
2109575554,581
2109592212,600
2109608862,604
2109625474,583
2109642116,581
2109658768,597
2109675412,596
2109692046,593
2109708684,591
2109725322,591
2109741966,587
2109758592,583
2109775240,586
2109791874,584
2109808514,578
2109825128,559
2109841758,550
2109858392,546
2109875044,549
2109891680,554
2109908276,510
2109924920,516
2109941572,521
2109958174,492
2109974830,506
2109991466,504
2110008094,487
2110024710,471
2110041360,476
2110058010,488
2110074666,498
2110091286,486
2110107924,482
2110124580,498
2110141228,499
2110157828,467
2110174472,471
2110191138,497
2110207766,480
2110224418,496
2110241090,522
2110257712,509
2110274366,515
2110291008,522
2110307680,550
2110324278,515
2110340956,543
2110357574,528
2110374258,566
2110390880,553
2110407534,559
2110424186,576
2110440832,579
2110457464,574
2110474126,590
2110490750,581
2110507392,580
2110524046,595
2110540708,607
2110557326,593
2110573952,580
2110590602,592
2110607258,600
2110623876,585
2110640522,589
2110657146,576
2110673786,570
2110690412,563
2110707058,566
2110723664,539
2110740316,543
2110756942,536
2110773562,515
2110790194,511
2110806858,526
2110823458,496
2110840104,499
2110856752,508
2110873380,492
2110890018,497
2110906668,503
2110923304,503
2110939950,501
2110956582,499
2110973232,507
2110989834,476
2111006522,511
2111023106,467
2111039786,502
2111056406,485
2111073082,513
2111089684,483
2111106354,509
2111123014,529
2111139642,512
2111156284,520
2111172932,523
2111189578,534
2111206232,540
2111222886,559
2111239536,563
2111256158,550
2111272822,568
2111289448,562
2111306106,576
2111322766,595
2111339392,576
2111356044,591
2111372658,567
2111389326,595
2111405962,584
2111422594,584
2111439232,580
2111455870,581
2111472514,579
2111489130,564
2111505792,580
2111522416,566
2111539056,560
2111555694,566
2111572302,535
2111588948,541
2111605614,558
2111622224,539
2111638868,541
2111655490,525
2111672140,529
2111688766,522
2111705374,490
2111722034,510
2111738674,505
2111755276,477
2111771926,482
2111788574,492
2111805214,490
2111821860,499
2111838462,463
2111855102,463
2111871800,511
2111888396,477
2111905040,477
2111921708,506
2111938360,510
2111954986,503
2111971604,482
2111988252,491
2112004918,508
2112021570,526
2112038218,530
2112054854,529
2112071498,526
2112088138,532
2112104810,559
2112121456,569
2112138084,552
2112154740,570
2112171384,573
2112188032,581
2112204694,597
2112221332,597
2112237962,589
2112254592,582
2112271242,584
2112287874,584
2112304526,593
2112321152,583
2112337822,603
2112354442,589
2112371074,583
2112387722,593
2112404364,587
2112420980,570
2112437598,549
2112454258,569
2112470858,528
2112487496,532
2112504128,522
2112520748,506
2112537400,510
2112554052,526
2112570646,482
2112587292,491
2112603944,496
2112620598,514
2112637220,495
2112653830,471
2112670474,468
2112687118,477
2112703794,507
2112720382,463
2112737052,487
2112753676,476
2112770332,487
2112786960,481
2112803600,473
2112820238,476
2112836896,491
2112853566,522
2112870206,517
2112886822,501
2112903470,505
2112920142,537
2112936794,543
2112953426,540
2112970062,534
2112986710,543
2113003360,549
2113020016,567
2113036664,570
2113053308,579
2113069974,595
2113086610,597
2113103230,578
2113119884,593
2113136518,583
2113153168,594
2113169808,594
2113186460,607
2113203076,583
2113219710,580
2113236358,585
2113252982,573
2113269636,579
2113286264,574
2113302898,566
2113319530,562
2113336166,555
2113352796,549
2113369414,526
2113386072,546
2113402684,516
2113419322,520
2113435956,510
2113452578,495
2113469242,511
2113485868,506
2113502490,486
2113519126,486
2113535756,471
2113552398,478
2113569050,485
2113585688,487
2113602310,463
2113618966,487
2113635584,465
2113652226,467
2113668902,494
2113685526,485
2113702158,476
2113718804,484
2113735458,490
2113752084,484
2113768770,522
2113785392,509
2113802070,539
2113818700,534
2113835348,539
2113851996,549
2113868650,556
2113885290,562
2113901950,578
2113918596,585
2113935250,591
2113951874,584
2113968518,585
2113985162,591
2114001826,605
2114018446,593
2114035072,581
2114051714,584
2114068360,583
2114085016,601
2114101642,587
2114118276,585
2114134904,570
2114151546,578
2114168180,568
2114184826,577
2114201452,559
2114218090,563
2114234724,554
2114251330,526
2114267982,530
2114284608,524
2114301252,525
2114317872,510
2114334526,516
2114351128,487
2114367788,502
2114384408,488
2114401052,484
2114417680,481
2114434330,487
2114450944,465
2114467602,475
2114484236,476
2114500862,465

