Time,Tau

5846672476,837
616688088,848
616703688,849
616719286,845
616734890,842
616750478,839
616766060,823
616781668,832
616797238,802
616812846,808
616828440,802
616844032,800
616859614,781
616875236,799
616890830,795
616906428,795
616922012,781
616937610,775
616953220,786
616968832,797
616984410,777
617000010,776
617015624,790
617031216,782
617046820,788
617062426,791
617078030,795
617093650,812
617109242,809
617124848,811
617140438,803
617156058,820
617171652,815
617187278,839
617202870,831
617218460,822
617234062,824
617249676,835
617265262,823
617280860,822
617296470,831
617312054,820
617327664,824
617343258,821
617358840,805
617374448,814
617390042,805
617405624,789
617421218,784
617436826,793
617452420,789
617468010,770
617483600,767
617499222,788
617514808,777
617530408,774
617546018,785
617561620,786
617577224,791
617592812,779
617608428,794
617624034,798
617639640,806
617655244,807
617670848,812
617686454,817
617702060,825
617717668,828
617733266,822
617748866,826
617764468,830
617780084,845
617795674,835
617811276,837
617826876,836
617842476,839
617858086,847
617873672,833
617889268,830
617904852,817
617920462,822
617936054,817
617951664,824
617967244,807
617982838,805
617998434,797
618014028,792
618029622,788
618045218,786
618060802,768
618076412,776
618092022,786
618107608,776
618123220,786
618138794,763
618154408,776
618170012,781
618185602,772
618201220,785
618216824,789
618232416,782
618248034,801
618263628,792
618279248,809
618294838,802
618310458,822
618326050,812
618341664,827
618357256,818
618372872,835
618388460,823
618404062,823
618419660,822
618435262,826
618450860,821
618466474,829
618482064,826
618497648,811
618513282,841
618528862,824
618544470,831
618560038,802
618575634,801
618591228,792
618606824,789
618622432,795
618638040,807
618653626,790
618669224,788
618684820,787
618700422,789
618716010,778
618731644,801
618747214,780
618762816,782
618778420,789
618794026,790
618809656,818
618825236,800
618840856,820
618856448,811
618872054,815
618887672,831
618903264,827
618918866,828
618934484,843
618950060,822
618965674,835
618981262,824
618996862,823
619012460,822
619028058,820
619043682,843
619059250,814
619074848,809
619090454,816
619106034,803
619121644,806
619137224,789
619152832,796
619168414,782
619184022,789
619199616,782
619215214,779
619230810,777
619246408,777
619262008,774
619277608,774
619293222,786
619308810,780
619324400,767
619340028,793
619355620,786
619371226,793
619386844,807
619402450,812
619418054,817
619433648,814
619449280,839
619464866,821
619480464,825
619496080,840
619511674,835
619527286,846
619542876,837
619558464,825
619574074,839
619589662,824
619605272,833
619620870,831
619636466,830
619652074,835
619667668,830
619683240,803
619698858,823
619714426,794
619730042,798
619745628,793
619761224,789
619776818,787
619792428,793
619808024,789
619823610,776
619839210,778
619854810,775
619870408,775
619886012,777
619901600,771
619917216,784
619932820,786
619948426,790
619964028,794
619979634,802
619995228,792
620010846,809
620026438,802
620042056,822
620057662,823
620073252,814
620088868,830
620104470,835
620120072,834
620135662,822
620151260,823
620166860,825
620182470,831
620198068,828
620213664,826
620229248,810
620244842,808
620260464,824
620276058,820
620291640,803
620307246,812
620322828,793
620338438,801
620354032,797
620369630,796
620385214,780
620400824,789
620416422,788
620432022,790
620447612,780
620463220,778
620478828,792
620494418,784
620510034,801
620525640,803
620541232,796
620556850,812
620572456,821
620588048,810
620603666,828
620619260,821
620634864,828
620650480,839
620666084,843
620681662,822
620697286,849
620712888,847
620728482,835
620744062,823
620759672,833
620775284,844
620790852,814
620806448,811
620822054,817
620837650,816
620853256,818
620868840,803
620884432,797
620900016,784
620915626,790
620931216,783
620946816,780
620962412,778
620978008,778
620993596,763
621009194,763
621024808,774
621040410,780
621056000,767
621071618,782
621087206,774
621102824,793
621118430,794
621134036,800
621149630,793
621165248,813
621180852,814
621196484,844
621212064,824
621227668,828
621243284,844
621258862,823
621274464,825
621290088,848
621305676,839
621321264,824
621336886,846
621352484,843
621368080,842
621383676,835
621399270,831
621414852,814
621430446,812
621446028,796
621461654,810
621477242,805
621492838,801
621508420,788
621524016,782
621539614,780
621555212,777
621570812,780
621586410,776
621602010,776
621617612,778
621633202,771
621648804,774
621664434,798
621680026,790
621695618,786
621711236,803
621726860,816
621742434,799
621758040,803
621773656,822
621789262,822
621804852,814
621820470,830
621836058,823
621851660,822
621867272,834
621882874,834
621898472,836
621914058,820
621929654,816
621945252,813
621960860,822
621976456,820
621992050,812
622007644,807
622023226,791
622038834,801
622054416,782
622070036,801
622085618,785
622101230,796
622116814,780
622132412,778
622148024,788
622163624,791
622179224,791
622194814,779
622210416,781
622226032,795
622241636,802
622257226,791
622272832,796
622288438,801
622304056,820
622319662,823
622335268,828
622350860,820
622366462,828
622382066,827
622397670,831
622413272,833
622428874,837
622444488,847
622460070,824
622475686,845
622491272,833
622506882,841
622522464,827
622538062,824
622553656,818
622569252,816
622584858,820
622600440,803
622616032,797
622631616,784
622647224,789
622662818,785
622678402,769
622694012,780
622709610,779
622725214,775
622740808,774
622756396,763
622771998,768
622787612,778
622803202,770
622818820,785
622834412,780
622850016,782
622865622,788
622881228,791
622896834,801
622912452,814
622928056,819
622943662,823
622959278,839
622974882,842
622990460,822
623006088,846
623021688,847
623037274,838
623052862,824
623068486,845
623084082,842
623099678,841
623115250,812
623130870,831
623146464,826
623162048,812
623177640,804
623193236,800
623208830,794
623224426,790
623240032,800
623255616,782
623271226,791
623286812,778
623302424,791
623318012,776
623333624,788
623349212,778
623364814,784
623380416,783
623396036,798
623411638,801
623427232,798
623442824,791
623458436,793
623474046,809
623489638,803
623505258,822
623520862,824
623536464,826
623552080,841
623567658,823
623583260,822
623598874,834
623614474,834
623630072,835
623645682,842
623661266,827
623676862,824
623692448,812
623708054,816
623723658,812
623739246,807
623754838,803
623770420,788
623786028,793
623801624,788
623817218,784
623832804,772
623848412,779
623864000,767
623879610,776
623895210,779
623910826,791
623926426,789
623942026,792
623957644,807
623973234,801
623988826,791
624004430,795
624020050,812
624035642,808
624051262,822
624066852,814
624082458,820
624098074,838
624113666,828
624129270,831
624144860,822
624160486,849
624176076,835
624191676,835
624207274,834
624222870,832
624238468,830
624254054,815
624269650,812
624285268,830
624300852,816
624316458,820
624332054,815
624347646,810
624363242,808
624378838,801
624394422,786
624410028,794
624425626,794
624441212,780
624456816,776
624472422,787
624488010,776
624503612,780
624519212,780
624534816,782
624550432,796
624566024,793
624581616,782
624597234,799
624612828,791
624628444,810
624644038,801
624659656,817
624675260,822
624690850,816
624706468,829
624722078,831
624737672,833
624753272,833
624768874,837
624784472,833
624800072,832
624815682,841
624831278,841
624846874,835
624862482,842
624878052,814
624893646,812
624909240,805
624924838,800
624940432,795
624956040,803
624971622,789
624987218,784
625002802,769
625018412,779
625034010,780
625049610,778
625065212,778
625080812,779
625096416,784
625112018,783
625127634,798
625143240,802
625158844,810
625174436,800
625190042,805
625205660,821
625221252,814
625236858,822
625252460,823
625268078,838
625283682,841
625299272,835
625314886,845
625330462,822
625346074,833
625361660,824
625377270,831
625392866,829
625408452,814
625424046,812
625439654,816
625455242,801
625470832,795
625486426,791
625502034,801
625517628,793
625533224,789
625548820,785
625564404,772
625580012,780
625595612,777
625611196,765
625626822,790
625642410,780
625658026,790
625673626,791
625689230,797
625704836,801
625720446,803
625736044,807
625751638,800
625767254,820
625782860,822
625798438,803
625814058,820
625829676,838
625845264,827
625860870,831
625876460,822
625892074,837
625907686,847
625923274,835
625938860,823
625954470,832
625970068,830
625985676,838
626001276,835
626016858,819
626032464,828
626048060,821
626063630,793
626079234,799
626094844,810
626110414,780
626126034,799
626141618,783
626157214,784
626172824,793
626188412,776
626204010,777
626219624,789
626235198,770
626250814,780
626266416,782
626282022,786
626297612,781
626313230,794
626328834,799
626344426,791
626360046,811
626375638,801
626391242,805
626406860,822
626422450,816
626438054,816
626453674,830
626469272,832
626484872,833
626500474,835
626516058,820
626531682,842
626547266,828
626562852,817
626578448,811
626594056,818
626609638,802
626625246,812
626640854,816
626656450,811
626672032,795
626687638,805
626703222,791
626718850,807
626734428,793
626750014,779
626765612,782
626781224,789
626796824,789
626812412,779
626828014,783
626843618,784
626859222,788
626874838,803
626890444,809
626906036,799
626921640,804
626937246,810
626952864,825
626968458,821
626984074,834
626999678,837
627015266,828
627030884,846
627046486,845
627062060,822
627077672,833
627093260,825
627108882,842
627124466,828
627140064,826
627155648,813
627171256,818
627186836,801
627202446,808
627218026,791
627233648,812
627249228,793
627264824,789
627280418,784
627296016,784
627311614,779
627327198,765
627342796,764
627358408,778
627373998,767
627389598,765
627405214,779
627420816,784
627436420,789
627452042,801
627467630,794
627483248,810
627498852,817
627514458,820
627530050,813
627545670,830
627561274,837
627576876,837
627592480,841
627608084,844
627623686,849
627639262,823
627654862,823
627670474,833
627686072,835
627701668,830
627717272,826
627732860,823
627748456,818
627764052,817
627779660,822
627795254,816
627810848,811
627826442,810
627842038,802
627857634,798
627873218,784
627888828,795
627904428,793
627920022,788
627935612,776
627951224,789
627966800,770
627982402,769
627998016,782
628013634,797
628029212,781
628044816,782
628060434,799
628076026,791
628091646,810
628107238,801
628122854,816
628138446,809
628154048,814
628169666,826
628185256,817
628200856,820
628216458,820
628232058,823
628247670,831
628263254,818
628278866,827
628294462,827
628310058,822
628325654,817
628341238,801
628356834,800
628372440,804
628388048,810
628403630,794
628419238,805
628434822,790
628450424,784
628466030,793
628481614,779
628497236,804
628512810,778
628528436,801
628544014,779
628559614,784
628575220,784
628590822,788
628606414,779
628622042,809
628637636,799
628653240,804
628668848,809
628684450,814
628700056,818
628715654,810
628731264,825
628746868,828
628762470,834
628778084,844
628793686,845
628809274,833
628824884,847
628840482,843
628856080,840
628871654,814
628887260,826
628902856,818
628918440,802
628934048,809
628949640,804
628965222,790
628980830,795
628996426,790
629012022,786
629027604,773
629043216,781
629058812,778
629074412,776
629089998,767
629105610,776
629121198,766
629136802,768
629152416,784
629168008,776
629183624,789
629199230,793
629214822,786
629230426,793
629246034,796
629261638,801
629277266,829
629292872,836
629308464,825
629324080,840
629339670,831
629355286,848
629370874,834
629386462,824
629402072,833
629417672,835
629433282,842
629448872,826
629464462,824
629480072,831
629495652,818
629511248,810
629526842,805
629542436,801
629558046,810
629573628,791
629589236,800
629604832,795
629620416,784
629636028,791
629651626,790
629667226,789
629682812,780
629698414,782
629714010,770
629729630,794
629745234,798
629760824,793
629776442,805
629792034,799
629807628,792
629823258,822
629838838,801
629854454,816
629870046,809
629885662,828
629901266,828
629916856,818
629932470,831
629948070,831
629963670,831
629979256,819
629994856,817
630010466,826
630026050,815
630041658,820
630057254,816
630072850,812
630088446,810
630104028,791
630119622,788
630135230,794
630150826,793
630166422,790
630182018,783
630197602,770
630213214,780
630228812,781
630244412,778
630260012,778
630275614,779
630291214,784
630306844,807
630322434,799
630338038,803
630353642,809
630369248,811
630384852,815
630400446,809
630416064,828
630431656,818
630447268,822
630462878,837
630478466,828
630494082,842
630509658,822
630525260,822
630540862,822
630556486,847
630572070,831
630587668,828
630603278,837
630618848,814
630634468,830
630650052,814
630665648,809
630681230,796
630696826,791
630712448,807
630728014,780
630743622,788
630759218,786
630774814,781
630790400,767
630805998,766
630821598,768
630837212,777
630852812,778
630868412,780
630884018,785
630899618,788
630915224,789
630930816,781
630946434,797
630962026,793
630977632,795
630993236,800
631008854,815
631024446,811
631040050,812
631055652,815
631071256,818
631086872,835
631102484,845
631118060,822
631133684,844
631149282,846
631164880,840
631180464,826
631196062,823
631211658,820
631227252,818
631242862,822
631258442,805
631274050,812
631289644,810
631305240,804
631320836,800
631336420,785
631352016,786
631367626,791
631383226,791
631398826,790
631414426,793
631430014,782
631445622,781
631461230,795
631476822,787
631492426,793
631508042,806
631523636,799
631539252,814
631554844,810
631570450,812
631586056,816
631601658,821
631617250,816
631632852,816
631648468,830
631664058,820
631679660,824
631695258,821
631710890,843
631726482,841
631742066,828
631757650,816
631773258,821
631788854,816
631804438,801
631820046,810
631835628,791
631851234,799
631866818,782
631882424,793
631898034,798
631913618,784
631929216,781
631944802,767
631960398,769
631976000,767
631991598,767
632007226,791
632022816,784
632038430,795
632054034,799
632069626,790
632085230,797
632100850,812
632116452,816
632132046,809
632147640,805
632163270,830
632178874,833
632194462,825
632210080,840
632225682,842
632241284,844
