Time,Tau
7
41519784
519659760,520
519675360,524
519690960,524
519706584,547
519722186,543
519737784,547
519753360,524
519768984,547
5197845
519659760,520
519675360,524
519690960,524
519706584,547
519722186,543
519737784,547
519753360,524
519768984,547
519784584,547
519800174,535
519815784,547
519831390,547
519846972,536
519862586,544
519878174,536
519893784,547
519909372,536
519924960,521
519940584,547
519956186,547
519971784,547
519987372,536
520002972,536
520018574,536
520034174,536
520049786,547
520065372,533
520080974,536
520096584,547
520112174,536
520127786,545
520143386,547
520158974,536
520174584,547
520190186,545
520205784,547
520221384,547
520236998,558
520252586,547
520268186,547
520283786,547
520299386,547
520314984,547
520330560,521
520346160,524
520361760,524
520377384,547
520392960,521
520408560,524
520424158,523
520439784,547
520455384,543
520470958,523
520486586,547
520502160,524
520517786,547
520533384,547
520548984,547
520564590,547
520580186,546
520595786,544
520611372,536
520626984,547
520642584,547
520658184,543
520673784,547
520689374,536
520704972,536
520720572,536
520736186,547
520751786,547
520767384,547
520782972,536
520798572,535
520814174,536
520829780,536
520845384,547
520860972,533
520876586,547
520892186,547
520907772,536
520923374,533
520938984,547
520954586,547
520970184,547
520985788,547
521001372,536
521016972,536
521032572,536
521048186,547
521063786,545
521079384,547
521094984,547
521110586,547
521126184,543
521141784,547
521157384,547
521172998,558
521188584,544
521204186,547
521219758,524
521235386,547
521250960,524
521266596,558
521282184,547
521297758,524
521313386,547
521328984,543
521344558,524
521360158,523
521375760,524
521391384,544
521406998,558
521422598,557
521438160,523
521453796,555
521469360,524
521484960,524
521500560,524
521516160,523
521531784,547
521547360,524
521562966,524
521578586,547
521594186,544
521609786,547
521625384,547
521640984,547
521656584,544
521672160,524
521687786,547
521703360,524
521718986,544
521734586,547
521750186,547
521765760,524
521781360,524
521796984,546
521812584,547
521828168,524
521843786,547
521859384,544
521874958,523
521890560,524
521906186,547
521921784,544
521937360,524
521952960,524
521968572,535
521984158,524
521999786,547
522015374,536
522030972,535
522046560,524
522062160,520
522077760,524
522093372,535
522108958,523
522124586,544
522140172,535
522155758,524
522171372,535
522186962,524
522202560,524
522218198,558
522233758,523
522249384,547
522264960,524
522280596,558
522296160,524
522311796,558
522327360,521
522342998,558
522358584,547
522374198,558
522389796,555
522405386,547
522420972,536
522436586,547
522452186,544
522467784,547
522483386,547
522498998,558
522514602,558
522530184,547
522545784,547
522561392,547
522576986,547
522592584,544
522608174,536
522623786,547
522639362,524
522654986,544
522670586,547
522686186,547
522701786,547
522717384,544
522732986,547
522748584,547
522764160,524
522779760,524
522795360,522
522810986,547
522826566,523
522842172,534
522857758,520
522873372,535
522888960,524
522904572,535
522920172,532
522935772,535
522951372,535
522966972,534
522982572,535
522998172,535
523013760,523
523029372,534
523044972,535
523060572,532
523076172,534
523091784,546
523107372,535
523122972,532
523138572,535
523154160,524
523169772,534
523185362,524
523200972,535
523216598,558
523232172,535
523247798,555
523263360,524
523278972,535
523294560,524
523310160,524
523325796,555
523341398,558
523356984,547
523372586,547
523388172,533
523403774,536
523419384,547
523434972,536
523450586,544
523466186,547
523481774,536
523497372,536
523512972,536
523528574,536
523544184,547
523559778,536
523575384,547
523590984,544
523606584,547
523622184,547
523637784,547
523653374,533
523668984,547
523684586,547
523700184,547
523715784,543
523731384,547
523746984,546
523762560,523
523778158,523
523793786,547
523809360,524
523824976,535
523840560,524
523856160,520
523871760,523
523887358,523
523902958,523
523918558,520
523934158,523
523949758,523
523965372,535
523980960,524
523996560,523
524012158,523
524027760,523
524043358,523
524058984,543
524074584,546
524090184,547
524105760,524
524121360,520
524136958,523
524152560,524
524168172,535
524183772,532
524199384,547
524214986,547
524230584,547
524246184,547
524261784,547
524277360,524
524292986,547
524308572,536
524324184,544
524339786,547
524355372,536
524370984,547
524386574,533
524402172,536
524417772,536
524433372,536
524448984,544
524464574,536
524480184,547
524495772,536
524511386,547
524526984,547
524542586,547
524558180,536
524573786,547
524589384,543
524604984,547
524620586,547
524636184,547
524651784,544
524667384,547
524682958,523
524698560,524
524714160,524
524729796,557
524745358,523
524760960,524
524776560,524
524792172,535
524807772,534
524823380,534
524838972,535
524854572,532
524870160,524
524885760,524
524901372,535
524916974,532
524932572,535
524948160,524
524963760,523
524979372,535
524994960,524
525010560,524
525026160,523
525041772,535
525057360,520
525072986,547
525088584,547
525104160,524
525119760,520
525135360,524
525150960,524
525166584,546
525182162,524
525197784,547
525213360,524
525228984,547
525244586,547
525260186,547
525275784,547
525291384,547
525306986,547
525322584,544
525338184,547
525353772,536
525369386,547
525384984,544
525400572,536
525416184,547
525431784,547
525447384,543
525462984,547
525478586,547
525494160,524
525509802,558
525525396,558
525540960,524
525556566,524
525572160,523
525587772,532
525603360,524
525618960,524
525634572,534
525650172,532
525665770,534
525681360,523
525696972,534
525712560,524
525728158,523
525743772,535
525759360,524
525774960,524
525790572,534
525806196,558
525821792,547
525837358,524
525852960,521
525868560,524
525884198,558
525899760,524
525915384,543
525930960,524
525946558,524
525962184,547
525977788,547
525993384,547
526008984,547
526024586,547
526040184,547
526055786,543
526071384,547
526086984,547
526102572,535
526118174,533
526133786,547
526149384,547
526164986,547
526180562,524
526196184,547
526211774,536
526227372,535
526242960,524
526258562,524
526274158,524
526289760,523
526305372,535
526320960,521
526336584,547
526352160,524
526367772,535
526383372,532
526398972,535
526414584,546
526430160,524
526445758,523
526461360,524
526476960,524
526492558,523
526508158,523
526523758,523
526539372,534
526554980,535
526570572,534
526586160,520
526601770,534
526617360,524
526632958,523
526648572,532
526664160,524
526679798,558
526695360,524
526710960,524
526726586,547
526742186,547
526757786,547
526773386,547
526788984,546
526804586,547
526820178,536
526835772,536
526851372,532
526866974,536
526882572,536
526898172,536
526913774,533
526929374,536
526944972,536
526960572,536
526976188,547
526991772,536
527007374,536
527022972,536
527038586,547
527054186,545
527069786,547
527085384,547
527100986,547
527116586,544
527132184,547
527147786,547
527163386,547
527178964,524
527194584,547
527210158,524
527225784,547
527241360,523
527256960,524
527272560,524
527288160,524
527303760,523
527319358,520
527334960,524
527350570,535
527366170,534
527381758,520
527397360,524
527412970,535
527428572,534
527444158,523
527459760,523
527475360,523
527490960,523
527506584,547
527522160,523
527537784,547
527553366,523
527568960,524
527584560,521
527600186,547
527615760,524
527631360,524
527646984,544
527662584,547
527678186,547
527693784,547
527709372,536
527724986,547
527740572,535
527756184,547
527771774,536
527787386,547
527802984,547
527818590,547
527834172,536
527849774,533
527865374,536
527880986,547
527896572,535
527912172,533
527927784,547
527943372,536
527958998,558
527974588,547
527990186,547
528005784,547
528021384,547
528036986,547
528052584,543
528068172,535
528083758,523
528099386,547
528114984,544
528130560,524
528146186,547
528161772,535
528177384,543
528192986,547
528208560,524
528224160,523
528239760,523
528255372,535
528270970,535
528286560,523
528302170,534
528317760,520
528333358,523
528348972,534
528364572,535
528380160,521
528395758,523
528411372,534
528426972,535
528442574,532
528458172,535
528473772,535
528489372,535
528504972,534
528520560,524
528536160,524
528551792,547
528567360,524
528582986,544
528598586,547
528614160,524
528629784,546
528645386,543
528660986,547
528676572,536
528692186,547
528707772,536
528723372,536
528738972,536
528754572,536
528770172,536
528785772,535
528801372,536
528816980,536
528832572,536
528848172,533
528863774,536
528879374,536
528894986,547
528910584,544
528926172,536
528941772,536
528957386,547
528972988,547
528988560,524
529004160,524
529019760,524
529035398,557
529050984,543
529066596,557
529082186,547
529097760,524
529113360,521
529128960,524
529144572,535
529160172,535
529175772,532
529191360,524
529206970,535
529222560,523
529238158,523
529253784,547
529269384,547
529284960,524
529300560,523
529316186,544
529331758,524
529347358,524
529362960,524
529378560,520
529394158,524
529409760,524
529425360,524
529440960,524
529456586,547
529472184,547
529487784,547
529503386,547
529518972,536
529534586,547
529550180,536
529565760,524
529581384,544
529596984,547
529612586,547
529628184,547
529643786,544
529659398,558
529674986,547
529690584,547
529706186,544
529721784,547
529737360,524
529752986,547
529768560,524
529784160,524
529799760,524
529815394,547
529830958,524
529846560,521
529862160,524
529877786,547
529893358,524
529908958,520
529924560,523
529940160,524
529955760,524
529971372,535
529986960,524
530002558,524
530018160,524
530033760,523
530049360,520
530064960,524
530080560,523
530096172,534
530111760,521
530127360,524
530142960,524
530158560,524
530174186,544
530189758,523
530205360,523
530220984,546
530236586,547
530252158,524
530267786,547
530283386,547
530298986,547
530314586,544
530330184,547
530345760,524
530361360,524
530376960,520
530392562,524
530408186,547
530423760,524
530439360,524
530454984,547
530470584,547
530486174,536
530501786,547
530517386,547
530532986,547
530548566,524
530564160,524
530579760,521
530595360,524
530610960,524
530626560,524
530642160,521
530657760,524
530673358,523
530688984,547
530704560,524
530720160,524
530735760,524
530751360,524
530766960,523
530782560,524
530798158,523
530813766,524
530829372,535
530844970,532
530860560,524
530876172,535
530891772,535
530907360,520
530922958,524
530938572,535
530954172,535
530969772,535
530985360,524
531000972,535
531016598,558
531032160,524
531047784,544
531063384,546
531078996,558
531094586,547
531110162,521
531125786,547
531141386,547
531156986,547
531172586,544
531188186,547
531203784,547
531219372,536
531234986,547
531250572,536
531266174,536
531281774,536
531297384,547
531312974,533
531328574,536
531344174,536
531359772,536
531375374,533
531390986,547
531406586,547
531422184,547
531437786,545
531453374,536
531468986,547
531484584,547
531500186,547
531515760,524
531531372,536
531546992,547
531562584,547
531578184,544
531593784,547
531609384,547
531624986,547
531640586,544
531656160,524
531671772,535
531687360,524
531702960,524
531718560,523
531734172,535
531749760,524
531765372,534
531780972,535
531796570,535
531812178,535
531827772,534
531843372,532
531858970,534
531874574,536
531890172,535
531905772,532
531921360,524
531936960,524
531952586,547
531968188,547
531983760,524
531999360,523
532014986,547
532030560,524
532046160,521
532061760,524
532077384,547
532092986,547
532108584,544
532124172,536
532139786,547
532155372,536
532170972,532
532186574,536
532202174,536
532217786,547
532233386,547
532248986,547
532264586,547
532280186,547
532295786,547
532311386,545
532326986,547
532342586,547
532358186,547
532373786,544
532389384,547
532404996,558
532420572,536
532436160,524
532451774,536
532467362,524
532482960,524
532498572,535
532514172,535
532529760,524
532545366,524
532560972,535
532576572,532
532592172,535
532607772,535
532623372,535
532638960,521
532654572,535
532670184,546
532685784,546
532701384,543
532716972,535
532732572,534
532748172,534
532763774,535
532779372,534
532794972,535
532810578,534
532826160,524
532841758,520
532857358,524
532872972,535
532888558,524
532904160,520
532919760,524
532935360,524
532950960,524
532966560,523
532982160,524
532997758,524
533013384,547
533028986,547
533044586,544
533060160,524
533075784,547
533091384,547
533106984,544
533122584,547
533138186,547
533153786,547
533169362,524
533184986,547
533200586,547
533216186,547
533231786,547
533247384,547
533262984,547
533278586,547
533294172,536
533309786,544
533325386,547
533340984,547
533356586,547
533372186,543
533387784,546
533403396,558
533418986,546
533434584,543
533450184,546
533465784,547
533481386,547
533496986,547
533512586,547
533528160,524
533543790,547
533559384,546
533574996,555
533590584,546
533606160,524
533621760,524
533637358,520
533652960,523
533668584,546
533684196,558
533699758,523
533715386,547
533730960,524
533746560,524
533762160,524
533777760,524
533793360,524
533808990,547
533824586,547
533840186,544
533855762,524
533871384,547
533886984,547
533902586,543
533918174,536
533933784,547
533949384,547
533964972,536
533980584,547
533996172,536
534011774,536
534027384,547
534042984,543
534058584,547
534074186,547
534089786,547
534105372,532
534120984,547
534136558,524
534152160,524
534167764,524
534183360,524
534198972,535
534214584,546
534230160,524
534245784,547
534261360,524
534276960,524
534292572,534
534308172,532
534323758,524
534339360,524
534354972,534
534370596,555
534386186,547
534401760,524
534417386,547
534432984,544
534448586,547
534464158,523
534479760,523
534495360,523
534510960,524
534526598,558
534542168,524
534557786,546
534573398,555
534588984,547
534604584,547
534620184,547
534635784,544
534651358,523
534666986,547
534682584,547
534698186,545
534713760,524
534729360,524
534744984,547
534760586,547
534776172,534
534791786,547
534807406,558
534822986,547
534838586,545
534854186,547
534869784,547
534885386,547
534900986,544
534916584,547
534932160,524
534947760,523
534963358,524
534978986,547
534994586,547
535010186,547
535025786,547
535041360,520
535056960,524
535072560,524
86,547
466916190,547
