Time,Tau
37
6
173959922,702
173975526,705
173991130,705
174006736,708
174022336,711
174037942,716
174053
173928716,694
173944320,696
173959922,702
173975526,705
173991130,705
174006736,708
174022336,711
174037942,716
174053556,728
174069148,721
174084740,715
174100368,740
174115970,741
174131550,720
174147164,736
174162766,738
174178386,747
174193966,737
174209592,759
174225178,751
174240764,735
174256388,757
174271962,732
174287560,732
174303180,753
174318778,747
174334350,721
174349960,732
174365542,717
174381138,711
174396736,708
174412334,709
174427940,715
174443544,709
174459122,698
174474720,696
174490334,708
174505916,695
174521514,691
174537126,702
174552740,714
174568328,705
174583928,703
174599528,704
174615118,698
174630736,711
174646338,709
174661926,702
174677544,715
174693148,721
174708740,713
174724340,713
174739946,717
174755548,723
174771152,726
174786754,726
174802358,728
174817972,745
174833562,735
174849162,734
174864752,723
174880366,738
174895954,726
174911564,734
174927150,722
174942750,721
174958360,733
174973958,728
174989556,726
175005152,723
175020736,712
175036344,719
175051942,713
175067526,701
175083136,712
175098744,718
175114340,712
175129938,709
175145536,711
175161134,709
175176724,696
175192316,692
175207914,690
175223512,694
175239114,694
175254726,702
175270340,712
175285940,717
175301532,709
175317122,697
175332724,700
175348340,715
175363954,729
175379536,709
175395138,709
175410754,728
175426358,732
175441956,720
175457564,735
175473168,738
175488784,755
175504364,734
175519976,745
175535578,746
175551190,762
175566766,739
175582368,737
175597978,747
175613590,761
175629164,736
175644776,744
175660360,730
175675956,726
175691554,727
175707150,721
175722758,729
175738342,715
175753938,713
175769548,722
175785134,706
175800740,712
175816310,691
175831936,712
175847534,706
175863114,692
175878714,694
175894302,681
175909900,680
175925500,678
175941112,689
175956714,693
175972300,683
175987904,681
176003506,684
176019122,701
176034738,713
176050340,713
176065934,707
176081536,711
176097152,726
176112756,727
176128348,719
176143964,736
176159554,728
176175190,751
176190784,753
176206388,755
176221976,749
176237578,747
176253166,736
176268790,759
176284368,740
176299978,750
176315578,746
176331176,745
176346760,734
176362356,730
176377954,726
176393550,723
176409160,733
176424744,719
176440346,713
176455936,710
176471546,717
176487156,728
176502750,725
176518336,708
176533920,696
176549530,709
176565130,707
176580728,703
176596314,691
176611926,705
176627526,705
176643114,691
176658728,704
176674332,705
176689918,698
176705522,701
176721138,709
176736740,712
176752332,709
176767936,711
176783526,701
176799142,714
176814744,719
176830336,712
176845940,711
176861542,714
176877146,719
176892760,732
176908348,721
176923950,722
176939562,734
176955166,738
176970764,734
176986362,734
177001950,721
177017560,734
177033158,732
177048756,727
177064366,736
177079950,726
177095560,734
177111158,727
177126752,725
177142336,712
177157936,711
177173548,715
177189128,702
177204750,720
177220336,711
177235918,698
177251528,705
177267116,692
177282714,694
177298314,693
177313914,691
177329528,703
177345132,707
177360716,696
177376334,707
177391936,709
177407538,713
177423140,716
177438750,716
177454360,731
177469950,723
177485542,718
177501172,740
177516762,733
177532354,725
177547956,730
177563560,732
177579174,744
177594776,746
177610378,749
177625978,750
177641566,736
177657166,736
177672752,723
177688364,737
177703962,732
177719548,719
177735168,739
177750754,728
177766352,725
177781946,719
177797556,727
177813140,714
177828724,702
177844336,707
177859916,692
177875514,692
177891136,712
177906720,696
177922318,694
177937914,692
177953502,683
177969114,692
177984712,690
178000314,690
178015926,705
178031514,694
178047130,705
178062718,696
178078336,711
178093924,702
178109540,712
178125144,715
178140736,711
178156340,714
178171948,714
178187558,729
178203150,721
178218766,738
178234356,727
178249972,741
178265576,744
178281164,736
178296764,738
178312378,748
178327968,736
178343566,739
178359180,751
178374778,747
178390364,734
178405974,746
178421572,744
178437162,726
178452752,724
178468362,732
178483946,721
178499554,728
178515162,734
178530736,708
178546356,730
178561926,706
178577536,709
178593136,709
178608718,698
178624330,707
178639916,691
178655514,691
178671100,679
178686714,692
178702314,693
178717914,691
178733514,692
178749116,696
178764734,710
178780310,686
178795912,690
178811516,695
178827134,710
178842722,699
178858340,712
178873944,717
178889546,721
178905150,721
178920752,724
178936356,727
178951958,732
178967548,720
178983162,734
178998752,723
179014366,738
179029964,738
179045564,735
179061176,746
179076776,747
179092374,746
179107958,730
179123556,726
179139152,727
179154776,747
179170354,719
179185956,727
179201538,711
179217148,723
179232746,720
179248342,714
179263938,711
179279524,702
179295120,699
179310734,705
179326328,704
179341928,706
179357514,694
179373114,691
179388714,690
179404330,706
179419928,707
179435524,698
179451136,709
179466736,710
179482326,705
179497942,717
179513546,717
179529136,710
179544766,738
179560356,730
179575946,719
179591564,734
179607166,739
179622756,730
179638372,742
179653948,720
179669548,721
179685164,737
179700766,735
179716352,723
179731964,734
179747550,725
179763162,735
179778760,730
179794358,728
179809956,728
179825552,726
179841162,732
179856734,707
179872340,717
179887938,714
179903548,719
179919144,715
179934728,703
179950314,692
179965922,701
179981534,707
179997118,694
180012716,696
180028328,706
180043914,691
180059514,691
180075114,694
180090728,706
180106342,713
180121932,706
180137544,720
180153124,702
180168732,702
180184328,704
180199946,717
180215536,712
180231140,715
180246756,727
180262346,719
180277964,736
180293566,739
180309170,739
180324774,742
180340362,735
180355964,736
180371566,735
180387178,747
180402790,760
180418390,761
180433984,746
180449562,734
180465174,744
180480784,757
180496370,740
180511968,737
180527564,734
180543148,722
180558744,719
180574340,711
180589936,710
180605534,710
180621140,716
180636712,690
180652310,687
180667908,684
180683516,696
180699114,694
180714714,690
180730312,690
180745914,692
180761512,692
180777100,679
180792714,691
180808304,684
180823918,698
180839508,685
180855136,709
180870716,694
180886334,709
180901922,698
180917538,711
180933142,714
180948736,711
180964362,732
180979954,724
180995568,738
181011170,744
181026760,734
181042376,745
181057978,746
181073566,738
181089190,762
181104778,747
181120378,747
181135976,749
181151576,747
181167168,731
181182770,740
181198356,726
181213952,726
181229572,743
181245156,726
181260752,723
181276336,711
181291940,715
181307522,698
181323104,681
181338708,688
181354300,681
181369898,675
181385488,666
181401094,675
181416678,661
181432282,658
181447874,654
181463498,677
181479074,658
181494690,671
181510280,660
181525900,677
181541504,685
181557124,703
181572720,696
181588314,692
181603924,703
181619536,711
181635142,714
181650738,711
181666360,731
181681970,742
181697576,746
181713184,752
181728792,758
181744396,765
181759998,766
181775602,768
181791190,757
181806802,772
181822390,760
181837986,755
181853596,763
181869178,750
181884784,755
181900366,735
181915958,728
181931550,720
181947154,727
181962734,710
181978336,709
181993914,691
182009518,696
182025096,678
182040702,679
182056306,684
182071900,681
182087496,677
182103104,682
182118688,667
182134288,669
182149874,657
182165494,669
182181088,669
182196682,660
182212298,679
182227890,673
182243498,676
182259104,683
182274726,705
182290322,702
182305934,707
182321540,713
182337150,725
182352772,744
182368394,761
182383978,746
182399584,755
182415192,761
182430816,776
182446400,768
182462016,782
182477606,775
182493232,795
182508804,771
182524402,770
182540000,770
182555608,774
182571214,781
182586808,775
182602376,747
182617966,740
182633570,740
182649148,719
182664738,711
182680332,707
182695920,700
182711512,688
182727092,669
182742694,676
182758274,658
182773882,662
182789478,658
182805074,658
182820686,668
182836272,656
182851860,641
182867462,646
182883064,648
182898682,663
182914276,656
182929894,673
182945502,683
182961122,702
182976708,684
182992316,692
183007926,704
183023536,711
183039156,727
183054780,747
183070388,758
183086010,776
183101602,768
183117206,774
183132814,780
183148404,772
183164022,784
183179606,772
183195194,760
183210802,772
183226388,756
183241996,763
183257604,769
183273182,755
183288778,749
183304356,727
183319962,731
183335552,725
183351154,728
183366736,707
183382336,708
183397926,704
183413518,698
183429118,692
183444704,683
183460300,677
183475880,663
183491490,671
183507086,667
183522686,666
183538288,669
183553876,660
183569492,670
183585084,663
183600674,658
183616306,686
183631900,681
183647508,686
183663128,705
183678714,693
183694340,711
183709942,715
183725552,723
183741160,734
183756758,730
183772364,734
183787970,740
183803590,761
183819194,764
183834786,753
183850400,767
183865988,759
183881590,759
183897200,767
183912786,753
183928394,761
183943988,761
183959596,763
183975164,733
183990768,738
184006374,745
184021952,726
184037542,715
184053148,719
184068738,713
184084330,707
184099908,686
184115512,690
184131118,698
184146712,692
184162300,677
184177880,659
184193488,668
184209088,670
184224688,669
184240276,656
184255890,670
184271496,677
184287102,681
184302694,673
184318314,691
184333922,700
184349516,696
184365138,711
184380748,719
184396356,730
184411954,727
184427568,732
184443184,752
184458792,759
184474386,757
184490004,770
184505596,763
184521226,790
184536804,772
184552416,783
184568004,770
184583600,768
184599188,758
184614796,765
184630392,758
184645986,753
184661564,735
184677168,742
184692748,720
184708340,712
184723932,705
184739536,711
184755124,704
184770716,692
184786294,673
184801900,681
184817492,675
184833088,665
184848680,661
184864264,648
184879874,658
184895474,657
184911072,654
184926662,644
184942266,648
184957892,675
184973486,665
184989092,670
185004712,692
185020308,687
185035940,712
185051524,700
185067158,732
185082768,740
185098376,746
185113974,742
185129568,741
185145190,760
185160804,763
185176404,769
185191996,763
185207612,780
185223214,780
185238816,782
185254404,770
185270014,784
185285600,768
185301196,764
185316806,772
185332386,758
185347982,752
185363572,742
185379176,746
185394756,728
185410374,745
185425946,711
185441540,713
185457120,696
185472738,712
185488302,684
185503896,675
185519502,681
185535084,667
185550680,662
185566276,658
185581886,666
185597462,646
185613086,669
185628688,671
185644280,660
185659884,664
185675488,671
185691082,665
185706702,681
185722298,676
185737920,699
185753528,706
185769124,701
185784736,709
185800354,728
185815950,724
185831570,740
185847178,747
185862772,744
185878378,749
185893996,763
185909598,766
185925200,768
185940790,760
185956402,768
185972000,767
185987596,764
186003204,775
186018786,755
186034394,762
186049988,755
186065566,740
186081182,755
186096762,732
186112354,725
186127944,719
186143536,712
186159122,694
186174718,695
186190312,688
186205892,673
186221486,668
186237094,673
186252680,658
186268276,660
186283876,658
186299490,668
186315078,658
186330682,663
186346286,667
186361890,672
186377510,686
186393104,684
186408738,712
186424328,700
186439942,713
186455550,721
186471158,732
186486756,729
186502364,734
186517972,741
186533592,762
186549186,757
186564778,746
186580396,762
186595998,768
186611588,759
186627188,756
186642800,767
186658398,766
186673996,765
186689590,758
186705174,742
186720778,747
186736360,733
186751952,726
186767556,727
186783136,708
186798726,704
186814316,696
186829908,686
186845512,689
186861106,686
186876698,679
186892292,673
186907900,677
186923482,661
186939078,661
186954690,671
186970288,667
186985890,668
187001490,672
187017092,675
187032698,675
187048304,680
187063906,688
187079528,705
187095122,699
187110718,695
187126328,706
187141936,712
187157564,728
187173166,736
187188762,732
187204384,755
187219992,759
187235584,753
187251190,759
187266796,766
187282400,766
187298014,780
187313616,781
187329214,784
187344802,771
187360398,766
187376006,774
187391616,783
187407196,767
187422796,757
187438382,750
187453974,743
187469552,726
187485156,730
187500746,718
187516338,711
187531916,696
187547508,688
187563112,690
187578682,660
187594288,669
187609884,665
187625466,650
187641062,644
187656662,643
187672274,657
187687874,658
187703478,658
187719070,650
187734674,657
187750290,673
187765898,677
187781508,684
187797114,694
187812724,702
187828334,707
187843942,713
187859550,725
187875160,733
187890778,748
187906388,756
187921968,739
187937588,759
187953194,761
187968810,777
187984414,780
188000028,794
188015602,769
188031202,768
188046812,778
188062420,788
188077992,762
188093584,754
188109190,759
188124758,732
188140362,736
188155960,725
188171558,729
188187150,721
188202728,706
188218320,699
188233924,700
188249504,682
188265108,690
188280716,695
188296284,665
188311894,673
188327490,673
188343090,672
188358678,660
188374290,669
188389892,673
188405496,677
188421108,682
188436692,671
188452312,689
188467906,687
188483514,694
188499136,710
188514732,706
188530326,705
188545960,734
188561556,727
188577152,723
188592760,732
188608366,738
188623984,753
188639576,745
188655194,760
188670784,755
188686386,753
188701998,766
188717584,753
188733194,766
188748792,759
188764388,755
188779984,751
188795564,736
188811182,753
188826762,733
188842354,725
188857946,721
188873536,712
188889116,694
188904736,708
188920314,689
188935918,696
188951510,690
188967104,682
188982700,677
188998282,665
189013892,673
189029490,669
189045076,656
189060690,672
189076292,673
189091882,665
189107486,666
189123106,685
189138710,690
189154328,698
189169926,702
189185522,698
189201134,709
189216740,715
189232362,732
189247968,739
189263578,749
189279174,745
189294780,749
189310412,777
189325992,763
189341610,778
189357212,778
189372814,780
147299582,751
147315172,741
