Time,Tau
14786,1104
1143148464,1079
1143182132,1090
1143215792,1080
1143249448,1093
1143283128,1093
1143316804,1093
1143350476,1093
1143384152,1093
1143417816,1082
1143451480,1090
1143485152,1090
1143518824,1091
1143552510,1105
1143586200,1093
1143619876,1093
1143653534,1082
1143687200,1093
1143720872,1090
1143754548,1089
1143788204,1079
1143821852,1082
1143855514,1093
1143889188,1093
1143922876,1104
1143956578,1105
1143990282,1105
1144023972,1091
1144057648,1091
1144091320,1090
1144124976,1082
1144158646,1093
1144192336,1105
1144226012,1082
1144259688,1105
1144293388,1105
1144327068,1080
1144360734,1090
1144394402,1089
1144428068,1093
1144461762,1105
1144495440,1082
1144529114,1104
1144562790,1082
1144596464,1104
1144630158,1090
1144663836,1090
1144697508,1091
1144731168,1082
1144764834,1093
1144798514,1094
1144832180,1082
1144865844,1094
1144899520,1091
1144933184,1079
1144966832,1080
1145000476,1082
1145034152,1104
1145067832,1082
1145101496,1093
1145135172,1093
1145168854,1094
1145202530,1090
1145236200,1091
1145269868,1090
1145303536,1093
1145337224,1104
1145370912,1093
1145404588,1094
1145438268,1093
1145471936,1080
1145505606,1091
1145539262,1080
1145572910,1082
1145606568,1082
1145640234,1093
1145673900,1082
1145707564,1093
1145741240,1091
1145774912,1091
1145808580,1091
1145842266,1103
1145875954,1094
1145909632,1093
1145943308,1093
1145976996,1104
1146010684,1094
1146044362,1091
1146078038,1091
1146111708,1090
1146145382,1093
1146179056,1093
1146212738,1093
1146246416,1093
1146280090,1093
1146313770,1093
1146347450,1091
1146381140,1102
1146414820,1091
1146448494,1091
1146482152,1082
1146515820,1093
1146549484,1082
1146583148,1094
1146616822,1093
1146650500,1090
1146684164,1079
1146717812,1080
1146751458,1082
1146785112,1082
1146818770,1082
1146852424,1082
1146886092,1091
1146919766,1091
1146953436,1090
1146987108,1094
1147020794,1105
1147054484,1093
1147088156,1094
1147121830,1093
1147155504,1093
1147189180,1091
1147222854,1090
1147256524,1091
1147290192,1093
1147323880,1105
1147357568,1093
1147391244,1093
1147424920,1094
1147458608,1104
1147492292,1091
1147525968,1090
1147559636,1091
1147593304,1093
1147626980,1093
1147660668,1104
1147694368,1104
1147728056,1093
1147761746,1104
1147795436,1093
1147829112,1090
1147862786,1089
1147896456,1090
1147930136,1104
1147963830,1093
1147997506,1094
1148031184,1093
1148064858,1094
1148098532,1093
1148132220,1101
1148165908,1091
1148199592,1101
1148233284,1104
1148266984,1104
1148300670,1093
1148334360,1104
1148368060,1104
1148401744,1093
1148435420,1093
1148469096,1090
1148502776,1102
1148536468,1102
1148570148,1092
1148603846,1105
1148637534,1093
1148671226,1104
1148704928,1105
1148738628,1104
1148772328,1104
1148806032,1102
1148839732,1101
1148873424,1101
1148907106,1093
1148940780,1093
1148974456,1093
1149008132,1093
1149041808,1093
1149075480,1093
1149109168,1102
1149142856,1090
1149176540,1101
1149210224,1090
1149243892,1093
1149277580,1104
1149311266,1092
1149344944,1093
1149378620,1093
1149412296,1090
1149445970,1090
1149479640,1090
1149513314,1093
1149546984,1093
1149580670,1104
1149614374,1104
1149648076,1104
1149681776,1104
1149715464,1093
1149749140,1090
1149782816,1090
1149816484,1090
1149850156,1093
1149883836,1093
1149917512,1093
1149951188,1093
1149984868,1093
1150018544,1093
1150052234,1102
1150085924,1090
1150119584,1079
1150153244,1093
1150186924,1093
1150220600,1093
1150254276,1093
1150287954,1093
1150321644,1104
1150355332,1090
1150388996,1079
1150422656,1091
1150456326,1093
1150490000,1093
1150523676,1093
1150557352,1093
1150591028,1093
1150624722,1102
1150658410,1089
1150692084,1090
1150725750,1090
1150759434,1104
1150793124,1093
1150826812,1104
1150860502,1093
1150894180,1092
1150927870,1105
1150961572,1102
1150995262,1091
1151028946,1102
1151062632,1091
1151096304,1093
1151129966,1082
1151163628,1093
1151197304,1093
1151230966,1082
1151264616,1080
1151298264,1079
1151331926,1093
1151365606,1093
1151399286,1093
1151432978,1105
1151466680,1105
1151500384,1104
1151534088,1104
1151567776,1089
1151601454,1091
1151635124,1091
1151668798,1094
1151702476,1093
1151736152,1093
1151769828,1093
1151803504,1093
1151837180,1093
1151870856,1090
1151904544,1102
1151938242,1102
1151971916,1082
1152005584,1093
1152039270,1105
1152072956,1093
1152106632,1093
1152140308,1094
1152173996,1103
1152207684,1090
1152241348,1091
1152275016,1093
1152308680,1082
1152342356,1104
1152376032,1082
1152409694,1093
1152443368,1093
1152477044,1091
1152510720,1090
1152544402,1103
1152578084,1093
1152611780,1104
1152645472,1093
1152679148,1093
1152712814,1082
1152746494,1105
1152780184,1090
1152813848,1080
1152847506,1091
1152881178,1093
1152914878,1104
1152948554,1082
1152982204,1082
1153015880,1104
1153049580,1104
1153083268,1091
1153116934,1080
1153150594,1091
1153184276,1104
1153217968,1094
1153251658,1104
1153285360,1104
1153319050,1093
1153352742,1104
1153386432,1091
1153420108,1091
1153453788,1102
1153487468,1091
1153521150,1105
1153554848,1104
1153588536,1093
1153622212,1093
1153655888,1093
1153689562,1093
1153723236,1090
1153756892,1080
1153790548,1093
1153824226,1093
1153857900,1093
1153891560,1082
1153925226,1094
1153958914,1105
1153992588,1079
1154026242,1080
1154059902,1090
1154093586,1104
1154127290,1105
1154160982,1093
1154194644,1082
1154228316,1104
1154261992,1082
1154295656,1091
1154329324,1091
1154363004,1102
1154396672,1082
1154430350,1105
1154464028,1082
1154497688,1094
1154531364,1093
1154565024,1080
1154598690,1091
1154632374,1103
1154666058,1094
1154699750,1104
1154733450,1104
1154767154,1105
1154800844,1093
1154834530,1104
1154868232,1104
1154901934,1102
1154935620,1091
1154969304,1102
1155002988,1090
1155036674,1104
1155070378,1105
1155104074,1093
1155137748,1093
1155171424,1093
1155205114,1105
1155238800,1089
1155272472,1091
1155306154,1102
1155339850,1105
1155373554,1104
1155407240,1093
1155440916,1093
1155474592,1093
1155508278,1105
1155541968,1093
1155575632,1079
1155609276,1079
1155642930,1093
1155676608,1093
1155710286,1093
1155743966,1093
1155777644,1093
1155811322,1093
1155845000,1091
1155878690,1102
1155912372,1090
1155946052,1104
1155979752,1104
1156013440,1093
1156047124,1104
1156080824,1104
1156114512,1093
1156148188,1093
1156181860,1090
1156215528,1091
1156249210,1103
1156282892,1093
1156316566,1093
1156350240,1093
1156383914,1093
1156417600,1105
1156451286,1093
1156484960,1090
1156518642,1103
1156552322,1089
1156585988,1093
1156619666,1093
1156653338,1092
1156687012,1093
1156720700,1104
1156754376,1082
1156788050,1102
1156821744,1102
1156855416,1080
1156889070,1093
1156922756,1104
1156956432,1082
1156990084,1082
1157023746,1093
1157057422,1091
1157091098,1091
1157124766,1090
1157158432,1093
1157192118,1093
1157225790,1093
1157259476,1104
1157293176,1105
1157326876,1104
1157360560,1091
1157394236,1091
1157427904,1091
1157461590,1104
1157495290,1104
1157528966,1082
1157562642,1105
1157596322,1082
1157629984,1093
1157663648,1079
1157697320,1102
1157731000,1090
1157764668,1093
1157798332,1082
1157832010,1105
1157865698,1093
1157899388,1104
1157933088,1104
1157966782,1090
1158000456,1091
1158034128,1091
1158067808,1101
1158101488,1093
1158135176,1105
1158168876,1104
1158202564,1092
1158236242,1093
1158269922,1093
1158303602,1091
1158337292,1101
1158370972,1090
1158404654,1104
1158438340,1093
1158472016,1093
1158505688,1092
1158539360,1093
1158573032,1093
1158606720,1102
1158640420,1101
1158674114,1102
1158707812,1102
1158741504,1104
1158775204,1104
1158808904,1104
1158842588,1093
1158876262,1092
1158909934,1093
1158943620,1102
1158977320,1102
1159011012,1101
1159044708,1102
1159078400,1105
1159112096,1104
1159145796,1104
1159179482,1093
1159213154,1093
1159246840,1104
1159280526,1089
1159314198,1090
1159347880,1101
1159381558,1093
1159415236,1093
1159448908,1093
1159482584,1093
1159516258,1093
1159549932,1093
1159583608,1089
1159617298,1102
1159650980,1090
1159684666,1104
1159718350,1093
1159752024,1093
1159785712,1104
1159819400,1092
1159853078,1092
1159886770,1102
1159920472,1102
1159954152,1090
1159987820,1089
1160021488,1093
1160055176,1104
1160088876,1104
1160122564,1093
1160156252,1104
1160189948,1104
1160223636,1090
1160257324,1101
1160291004,1090
1160324686,1105
1160358372,1093
1160392060,1105
1160425760,1104
1160459458,1104
1160493144,1093
1160526828,1104
1160560528,1102
1160594228,1101
1160627922,1102
1160661618,1101
1160695300,1093
1160728972,1093
1160762648,1093
1160796336,1104
1160830024,1093
1160863698,1093
1160897384,1101
1160931074,1090
1160964744,1090
1160998424,1104
1161032126,1104
1161065824,1104
1161099512,1093
1161133188,1093
1161166864,1093
1161200540,1089
1161234218,1091
1161267888,1091
1161301560,1093
1161335238,1093
1161368912,1093
1161402590,1093
1161436280,1104
1161469980,1104
1161503668,1089
1161537356,1101
1161571048,1102
1161604732,1091
1161638388,1082
1161672052,1093
1161705742,1105
1161739430,1093
1161773104,1093
1161806768,1080
1161840432,1091
1161874112,1102
1161907798,1093
1161941488,1104
1161975176,1093
1162008852,1093
1162042516,1082
1162076194,1104
1162109868,1079
1162143534,1091
1162177204,1091
1162210890,1104
1162244580,1093
1162278252,1093
1162311914,1082
1162345574,1093
1162379246,1092
1162412920,1091
1162446608,1102
1162480300,1102
1162513984,1092
1162547674,1105
1162581366,1093
1162615044,1093
1162648728,1104
1162682404,1082
1162716068,1090
1162749744,1090
1162783400,1079
1162817056,1093
1162850752,1104
1162884440,1093
1162918130,1104
1162951832,1104
1162985520,1093
1163019196,1090
1163052860,1079
1163086514,1090
1163120186,1093
1163153852,1082
1163187516,1093
1163221192,1093
1163254884,1104
1163288590,1105
1163322290,1102
1163355994,1102
1163389676,1090
1163423356,1101
1163457036,1093
1163490712,1093
1163524400,1105
1163558100,1104
1163591786,1093
1163625472,1104
1163659158,1090
1163692848,1102
1163726532,1089
1163760214,1104
1163793912,1105
1163827598,1093
1163861272,1093
1163894948,1093
1163928624,1093
1163962286,1079
1163995962,1102
1164029656,1102
1164063352,1102
1164097044,1104
1164130736,1093
1164164412,1093
1164198100,1104
1164231788,1093
1164265462,1092
1164299136,1089
1164332806,1089
1164366484,1101
1164400162,1093
1164433840,1092
1164467528,1104
1164501230,1104
1164534918,1092
1164568590,1092
1164602264,1090
1164635952,1101
1164669646,1101
1164703330,1093
1164737018,1104
1164770720,1104
1164804406,1093
1164838078,1092
1164871752,1092
1164905440,1104
1164939128,1089
1164972804,1089
1165006460,1079
1165040116,1093
1165073790,1093
1165107462,1092
1165141138,1093
1165174816,1093
1165208478,1079
1165242154,1102
1165275848,1102
1165309546,1101
1165343216,1082
1165376888,1104
1165410590,1104
1165444280,1093
1165477952,1093
1165511614,1079
1165545276,1091
1165578942,1090
1165612612,1093
1165646288,1093
1165679978,1104
1165713666,1093
1165747342,1093
1165781028,1104
1165814730,1101
1165848432,1101
1165882108,1079
1165915768,1090
1165949452,1104
1165983154,1105
1166016856,1104
1166050556,1104
1166084244,1092
1166117918,1093
1166151596,1089
1166185284,1102
1166218980,1101
1166252676,1102
1166286360,1093
1166320022,1082
1166353672,1082
1166387336,1093
1166421012,1093
1166454700,1102
1166488402,1102
1166522084,1090
1166555768,1101
1166589462,1104
1166623168,1104
1166656842,1082
1166690504,1093
1166724180,1093
1166757852,1092
1166791536,1102
1166825236,1101
1166858920,1090
1166892602,1104
1166926292,1093
1166959964,1093
1166993656,1104
1167027342,1092
1167061014,1092
1167094686,1089
1167128358,1090
1167162040,1102
1167195734,1104
1167229420,1092
1167263108,1104
1167296794,1093
1167330468,1093
1167364156,1104
1167397856,1104
1167431542,1089
1167465228,1101
1167498922,1101
1167532616,1104
1167566316,1104
1167600004,1093
1167633676,1093
1167667364,1104
1167701066,1104
1167734756,1092
1167768432,1090
1167802112,1090
1167835780,1091
1167869466,1104
1167903162,1092
1167936834,1092
1167970520,1104
1168004212,1093
1168037882,1092
1168071556,1090
1168105232,1089
1168138900,1090
1168172566,1092
1168206240,1092
1168239910,1093
1168273584,1093
1168307260,1092
1168340936,1089
1168374612,1090
1168408280,1089
1168441960,1101
1168475654,1104
1168509344,1092
1168543018,1092
1168576704,1104
1168610406,1104
1168644104,1104
1168677786,1089
1168711460,1090
1168745128,1089
1168778796,1093
1168812480,1092
1168846164,1104
1168879848,1092
1168913524,1092
1168947198,1092
1168980888,1102
1169014576,1089
1169048242,1089
1169081918,1104
1169115604,1093
1169149280,1093
1169182958,1093
1169216636,1092
1169250306,1092
1169283978,1089
1169317650,1089
1169351314,1090
1169384984,1093
1169418658,1092
1169452332,1092
1169486018,1104
1169519706,1092
1169553380,1093
1169587054,1089
1169620740,1101
1169654418,1089
1169688088,1092
1169721768,1092
1169755428,1082
1169789104,1104
1169822796,1093
1169856468,1093
1169890158,1101
1169923850,1090
1169957532,1101
1169991224,1104
1170024924,1104
1170058624,1104
1170092314,1093
1170125980,1082
1170159640,1093
1170193304,1079
1170226968,1089
1170260648,1101
1170294326,1092
1170328020,1104
1170361720,1104
1170395408,1093
1170429082,1092
1170462760,1092
1170496436,1090
1170530106,1089
1170563776,1090
1170597448,1093
1170631124,1092
1170664800,1093
1170698474,1092
1170732160,1104
1170765848,1092
1170799520,1089
1170833196,1089
1170866862,1089
1170900532,1093
1170934224,1104
1170967916,1092
1171001592,1093
1171035274,1093
1171068950,1092
1171102636,1101
1171136334,1101
1171170028,1101
1171203724,1101
1171237420,1104
1171271112,1093
1171304786,1092
1171338472,1104
1171372172,1104
1171405864,1092
1171439540,1089
1171473218,1089
1171506884,1089
1171540552,1093
1171574228,1093
1171607900,1091
1171641576,1091
1171675264,1104
1171708952,1092
1171742640,1101
1171776346,1102
1171810028,1089
1171843696,1090
1171877364,1092
1171911040,1092
1171944714,1093
1171978392,1092
1172012066,1093
1172045752,1101
1172079438,1089
1172113108,1089
1172146786,1101
1172180470,1093
1172214160,1104
1172247846,1092
1172281518,1093
1172315192,1092
1172348868,1089
1172382544,1090
1172416210,1090
1172449880,1093
1172483556,1093
1172517230,1092
1172550902,1092
1172584574,1092
1172618246,1092
1172651918,1089
1172685596,1089
1172719262,1089
1172752932,1092
1172786624,1104
1172820324,1104
1172854012,1093
1172887686,1092
1172921374,1104
1172955064,1089
1172988740,1089
1173022412,1089
1173056098,1101
1173089778,1093
1173123452,1093
1173157122,1092
1173190808,1104
1173224496,1093
1173258184,1101
1173291872,1089
1173325540,1089
1173359208,1091
1173392878,1092
1173426550,1092
1173460224,1093
1173493898,1093
1173527572,1092
1173561260,1101
1173594952,1089
1173628620,1089
1173662288,1093
1173695976,1104
1173729680,1104
1173763366,1092
1173797038,1092
1173830710,1093
1173864386,1089
1173898058,1089
1173931728,1089
1173965394,1091
1173999070,1092
1174032744,1092
1174066420,1092
1174100094,1092
1174133778,1104
1174167464,1089
1174201140,1089
1174234812,1090
1174268484,1093
1174302164,1093
1174335844,1093
1174369520,1093
1174403194,1093
1174436870,1092
1174470544,1089
1174504230,1101
1174537912,1090
1174571580,1092
1174605268,1104
1174638968,1104
1174672668,1104
1174706370,1104
1174740058,1092
1174773728,1093
1174807416,1101
1174841104,1089
1174874770,1089
1174908434,1092
1174942108,1093
1174975782,1093
1175009460,1093
1175043136,1092
1175076814,1091
1175110500,1101
1175144200,1101
1175177880,1089
1175211548,1093
1175245228,1091
1175278900,1093
1175312574,1092
1175346246,1092
1175379922,1092
1175413596,1089
1175447262,1089
1175480934,1092
1175514616,1104
1175548322,1104
1175582010,1092
1175615696,1104
1175649384,1093
1175683060,1092
1175716736,1090
1175750424,1101
1175784120,1101
1175817814,1104
1175851514,1104
1175885202,1092
1175918888,1104
1175952574,1093
1175986250,1092
1176019922,1092
1176053594,1089
1176087262,1089
1176120930,1093
1176154604,1093
1176188278,1092
1176221952,1092
1176255628,1093
1176289308,1093
1176322996,1101
1176356696,1101
1176390388,1101
1176424072,1090
1176457738,1093
1176491410,1092
1176525098,1104
1176558788,1092
1176592468,1092
1176626158,1104
1176659860,1101
1176693558,1101
1176727254,1101
1176760948,1102
