Time,Tau
1406926882,1547
1406961532,1525
1406996188,1547
1407030878,1558
1407065568,1547
1407100244,1544
1407134880,1511
1407169500,1536
1407204140,1524
1407238756,1513
1407273410,1556
1407308064,1511
1407342704,1547
1407377344,1513
1407411984,1547
1407446634,1524
1407481248,1513
1407515900,1555
1407550546,1513
1407585184,1536
1407619850,1547
1407654540,1558
1407689218,1536
1407723872,1533
1407758558,1566
1407793240,1536
1407827896,1536
1407862528,1513
1407897168,1547
1407931848,1547
1407966500,1521
1408001162,1555
1408035816,1524
1408070476,1559
1408105162,1547
1408139838,1547
1408174504,1533
1408209156,1533
1408243838,1566
1408278534,1547
1408313238,1570
1408347918,1525
1408382560,1536
1408417222,1547
1408451908,1555
1408486618,1566
1408521300,1536
1408555988,1569
1408590664,1524
1408625342,1570
1408660046,1547
1408694720,1544
1408729422,1566
1408764092,1522
1408798760,1570
1408833452,1536
1408868100,1536
1408902788,1569
1408937488,1547
1408972164,1544
1409006852,1555
1409041560,1566
1409076276,1569
1409110972,1547
1409145674,1570
1409180388,1558
1409215090,1558
1409249778,1547
1409284476,1566
1409319160,1533
1409353816,1547
1409388500,1558
1409423162,1524
1409457838,1569
1409492512,1524
1409527164,1544
1409561828,1533
1409596484,1547
1409631136,1524
1409665776,1536
1409700428,1536
1409735116,1566
1409769792,1522
1409804410,1524
1409839024,1513
1409873640,1524
1409908290,1547
1409942940,1521
1409977604,1555
1410012284,1544
1410046928,1524
1410081578,1547
1410116264,1558
1410150976,1569
1410185650,1524
1410220324,1566
1410255028,1555
1410289708,1547
1410324416,1569
1410359128,1559
1410393776,1513
1410428380,1513
1410463020,1544
1410497688,1544
1410532342,1536
1410566982,1525
1410601656,1569
1410636340,1536
1410671004,1544
1410705668,1532
1410740300,1524
1410774944,1536
1410809606,1547
1410844268,1536
1410878940,1559
1410913642,1555
1410948342,1555
1410983014,1536
1411017668,1536
1411052320,1536
1411086996,1559
1411121694,1559
1411156360,1521
1411190982,1521
1411225604,1524
1411260254,1547
1411294932,1547
1411329608,1547
1411364292,1555
1411398968,1533
1411433598,1524
1411468240,1536
1411502880,1524
1411537520,1536
1411572182,1547
1411606856,1544
1411641548,1567
1411676260,1558
1411710948,1547
1411745624,1547
1411780288,1536
1411814928,1524
1411849594,1555
1411884298,1555
1411918992,1556
1411953664,1536
1411988292,1513
1412022944,1558
1412057658,1569
1412092382,1570
1412127084,1544
1412161744,1533
1412196400,1547
1412231058,1524
1412265732,1568
1412300406,1524
1412335084,1569
1412369772,1533
1412404452,1566
1412439174,1566
1412473880,1558
1412508550,1524
1412543200,1547
1412577862,1536
1412612500,1521
1412647152,1544
1412681844,1566
1412716540,1547
1412751208,1536
1412785852,1524
1412820490,1535
1412855140,1533
1412889772,1522
1412924428,1558
1412959130,1559
1412993832,1558
1413028544,1569
1413063220,1524
1413097848,1522
1413132472,1522
1413167128,1558
1413201832,1559
1413236492,1524
1413271116,1524
1413305780,1556
1413340440,1521
1413375088,1547
1413409758,1547
1413444432,1547
1413479108,1547
1413513810,1570
1413548512,1547
1413583152,1511
1413617760,1524
1413652412,1547
1413687064,1524
1413721736,1569
1413756412,1524
1413791076,1555
1413825780,1566
1413860460,1536
1413895112,1536
1413929750,1524
1413964412,1558
1413999112,1559
1414033816,1555
1414068504,1544
1414103148,1524
1414137762,1513
1414172412,1558
1414207062,1513
1414241688,1532
1414276340,1533
1414311012,1558
1414345684,1536
1414380360,1559
1414415024,1524
1414449676,1547
1414484312,1510
1414518922,1523
1414553536,1513
1414588138,1513
1414622776,1547
1414657440,1532
1414692104,1544
1414726738,1513
1414761396,1559
1414796072,1536
1414830748,1559
1414865400,1513
1414900040,1544
1414934674,1513
1414969282,1524
1415003920,1536
1415038558,1524
1415073176,1510
1415107818,1544
1415142474,1536
1415177156,1558
1415211842,1547
1415246528,1558
1415281178,1513
1415315816,1544
1415350472,1533
1415385106,1524
1415419720,1513
1415454360,1547
1415489040,1546
1415523716,1544
1415558356,1510
1415592992,1547
1415627668,1547
1415662332,1535
1415696984,1536
1415731644,1544
1415766304,1532
1415800972,1556
1415835664,1558
1415870354,1547
1415905008,1524
1415939622,1513
1415974224,1510
1416008818,1513
1416043444,1536
1416078122,1558
1416112772,1513
1416147376,1513
1416182012,1544
1416216698,1555
1416251344,1513
1416285994,1559
1416320680,1547
1416355328,1524
1416389952,1522
1416424580,1524
1416459228,1547
1416493900,1547
1416528550,1524
1416563164,1513
1416597780,1522
1416632400,1524
1416667018,1513
1416701670,1559
1416736334,1524
1416770984,1544
1416805672,1555
1416840344,1532
1416875000,1547
1416909640,1513
1416944288,1558
1416978976,1546
1417013664,1555
1417048364,1555
1417083008,1513
1417117612,1513
1417152216,1513
1417186832,1524
1417221496,1555
1417256160,1521
1417290792,1535
1417325432,1524
1417360058,1524
1417394710,1547
1417429388,1544
1417464076,1555
1417498748,1536
1417533414,1547
1417568066,1524
1417602678,1513
1417637304,1534
1417671954,1533
1417706586,1524
1417741240,1546
1417775888,1524
1417810528,1536
1417845154,1513
1417879778,1532
1417914436,1547
1417949116,1547
1417983780,1536
1418018460,1558
1418053162,1558
1418087848,1544
1418122536,1555
1418157178,1513
1418191820,1547
1418226508,1558
1418261172,1524
1418295836,1558
1418330498,1522
1418365128,1533
1418399796,1557
1418434478,1536
1418469142,1547
1418503816,1547
1418538516,1569
1418573216,1544
1418607856,1510
1418642506,1558
1418677184,1536
1418711860,1558
1418746548,1546
1418781224,1547
1418815874,1522
1418850520,1544
1418885168,1524
1418919814,1546
1418954488,1546
1418989128,1513
1419023732,1511
1419058382,1555
1419093038,1524
1419127714,1569
1419162380,1513
1419197032,1558
1419231684,1513
1419266350,1566
1419301010,1513
1419335624,1524
1419370238,1513
1419404890,1559
1419439594,1558
1419474308,1566
1419509022,1555
1419543720,1555
1419578364,1513
1419612992,1536
1419647630,1524
1419682286,1547
1419716964,1544
1419751608,1521
1419786242,1536
1419820880,1524
1419855496,1513
1419890136,1547
1419924812,1544
1419959492,1555
1419994190,1558
1420028880,1546
1420063532,1524
1420098160,1524
1420132826,1559
1420167492,1522
1420202116,1524
1420236738,1524
1420271380,1535
1420306018,1524
1420340644,1521
1420375272,1522
1420409880,1513
1420444508,1536
1420479158,1536
1420513800,1524
1420548442,1533
1420583074,1522
1420617720,1547
1420652384,1536
1420687024,1524
1420721688,1558
1420756392,1555
1420791060,1522
1420825692,1536
1420860332,1524
1420894996,1558
1420929696,1558
1420964380,1547
1420999044,1533
1421033718,1555
1421068388,1535
1421103016,1513
1421137666,1559
1421172364,1558
1421207054,1547
1421241696,1511
1421276292,1513
1421310932,1547
1421345582,1524
1421380244,1558
1421414894,1513
1421449532,1544
1421484206,1544
1421518876,1547
1421553564,1558
1421588250,1546
1421622924,1547
1421657588,1536
1421692232,1522
1421726876,1544
1421761560,1558
1421796256,1547
1421830908,1524
1421865546,1536
1421900172,1511
1421934780,1522
1421969418,1536
1422004072,1536
1422038712,1524
1422073376,1558
1422108080,1555
1422142756,1532
1422177402,1535
1422212078,1558
1422246744,1524
1422281384,1536
1422316048,1547
1422350686,1510
1422385308,1533
1422419980,1558
1422454668,1547
1422489330,1536
1422524004,1558
1422558680,1536
1422593306,1510
1422627902,1513
1422662540,1547
1422697180,1513
1422731832,1558
1422766512,1532
1422801176,1544
1422835844,1544
1422870512,1547
1422905188,1547
1422939840,1524
1422974460,1513
1423009088,1532
1423043748,1544
1423078406,1536
1423113098,1570
1423147800,1547
1423182444,1513
1423217098,1555
1423251790,1544
1423286460,1544
1423321146,1559
1423355848,1558
1423390564,1569
1423425264,1547
1423459916,1524
1423494568,1544
1423529264,1566
1423563982,1566
1423598700,1566
1423633368,1524
1423668058,1580
1423702798,1569
1423737512,1558
1423772226,1569
1423806928,1547
1423841580,1521
1423876248,1566
1423910964,1569
1423945706,1580
1423980432,1559
1424015106,1536
1424049804,1581
1424084516,1547
1424119216,1566
1424153928,1555
1424188620,1555
1424223324,1567
1424258020,1547
1424292716,1568
1424327420,1547
1424362108,1558
1424396796,1547
1424431488,1555
1424466188,1555
1424500884,1555
1424535538,1524
1424570188,1547
1424604906,1581
1424639596,1524
1424674272,1569
1424708960,1533
1424743632,1555
1424778340,1566
1424813072,1580
1424847816,1569
1424882494,1524
1424917150,1547
1424951828,1547
1424986502,1544
1425021194,1555
1425055870,1536
1425090534,1547
1425125212,1547
1425159900,1558
1425194618,1569
1425229294,1524
1425263946,1544
1425298620,1544
1425333264,1524
1425367928,1558
1425402640,1569
1425437358,1558
1425472074,1570
1425506748,1525
1425541376,1521
1425576036,1558
1425610720,1547
1425645408,1558
1425680072,1524
1425714724,1547
1425749400,1544
1425784052,1522
1425818690,1536
1425853384,1569
1425888060,1524
1425922698,1536
1425957372,1559
1425992036,1522
1426026656,1523
1426061282,1525
1426095912,1524
1426130538,1524
1426165188,1547
1426199838,1522
1426234484,1544
1426269156,1547
1426303832,1547
1426338496,1536
1426373182,1570
1426407884,1547
1426442536,1522
1426477156,1524
1426511796,1536
1426546474,1558
1426581190,1569
1426615906,1559
1426650584,1536
1426685208,1511
1426719858,1556
1426754540,1547
1426789218,1547
1426823908,1558
1426858560,1513
1426893200,1545
1426927888,1556
1426962584,1555
1426997256,1536
1427031920,1547
1427066560,1513
1427101188,1536
1427135866,1556
1427170558,1544
1427205240,1556
1427239932,1559
1427274596,1525
1427309248,1547
1427343888,1513
1427378542,1556
1427413208,1522
1427447828,1524
1427482468,1536
1427517132,1547
1427551786,1524
1427586428,1532
1427621072,1533
1427655696,1514
1427690326,1536
1427724954,1513
1427759592,1547
1427794272,1544
1427828928,1533
1427863576,1536
1427898244,1547
1427932884,1513
1427967484,1513
1428002088,1511
1428036734,1555
1428071378,1513
1428105992,1524
1428140632,1536
1428175284,1534
1428209936,1532
1428244584,1536
1428279248,1547
1428313900,1524
1428348532,1524
1428383202,1559
1428417906,1556
1428452608,1556
1428487304,1555
1428521964,1524
1428556624,1558
1428591280,1513
1428625932,1558
1428660608,1534
1428695276,1555
1428729970,1555
1428764616,1513
1428799258,1547
1428833948,1559
1428868624,1536
1428903302,1556
1428937966,1521
1428972588,1524
1429007204,1513
1429041808,1513
1429076460,1558
1429111128,1522
1429145736,1513
1429180376,1547
1429215040,1536
1429249692,1536
1429284332,1524
1429318980,1544
1429353666,1556
1429388328,1524
1429422968,1536
1429457596,1513
1429492210,1524
1429526874,1555
1429561568,1556
1429596266,1555
1429630910,1513
1429665524,1525
1429700150,1524
1429734812,1555
1429769464,1511
1429804108,1558
1429838772,1524
1429873436,1558
1429908088,1513
1429942726,1546
1429977376,1522
1430012024,1544
1430046716,1570
1430081392,1524
1430116018,1524
1430150680,1558
1430185380,1555
1430220044,1521
1430254662,1524
1430289310,1535
1430323950,1525
1430358600,1547
1430393252,1522
1430427904,1544
1430462578,1546
1430497228,1524
1430531868,1536
1430566546,1558
1430601224,1536
1430635900,1556
1430670576,1532
1430705242,1558
1430739932,1547
1430774596,1536
1430809272,1558
1430843960,1547
1430878650,1555
1430913338,1544
1430948008,1544
1430982692,1558
1431017368,1524
1431052036,1558
1431086736,1558
1431121424,1547
1431156064,1510
1431190708,1555
1431225406,1558
1431260060,1513
1431294712,1559
1431329416,1558
1431364072,1513
1431398676,1510
1431433270,1513
1431467882,1524
1431502512,1524
1431537164,1547
1431571814,1522
1431606424,1511
1431641074,1558
1431675726,1513
1431710370,1547
1431745022,1524
1431779636,1510
1431814274,1544
1431848918,1524
1431883582,1558
1431918258,1535
1431952900,1524
1431987514,1511
1432022138,1536
1432056802,1547
1432091468,1535
1432126132,1547
1432160820,1558
1432195508,1544
1432230172,1533
1432264828,1544
1432299502,1547
1432334180,1547
1432368818,1513
1432403474,1558
1432438126,1510
1432472748,1532
1432507382,1524
1432542038,1547
1432576716,1547
1432611404,1558
1432646092,1547
1432680768,1544
1432715436,1544
1432750116,1558
1432784810,1547
1432819462,1524
1432854102,1536
1432888782,1557
1432923470,1544
1432958106,1511
1432992716,1524
1433027380,1558
1433062044,1524
1433096708,1558
1433131360,1510
1433165960,1513
1433200592,1536
1433235220,1513
1433269848,1536
1433304512,1544
1433339174,1532
1433373844,1555
1433408542,1558
1433443250,1558
1433477928,1536
1433512554,1513
1433547196,1544
1433581876,1544
1433616534,1533
1433651200,1559
1433685884,1547
1433720568,1558
1433755232,1524
1433789856,1522
1433824520,1555
1433859200,1544
1433893830,1513
1433928456,1536
1433963080,1513
1433997716,1544
1434032406,1555
1434067076,1533
1434101708,1524
1434136334,1524
1434170994,1559
1434205680,1547
1434240356,1544
1434275012,1532
1434309668,1546
1434344320,1524
1434378956,1536
1434413596,1524
1434448248,1544
1434482900,1521
1434517520,1524
1434552160,1536
1434586826,1547
1434621476,1524
1434656142,1555
1434690802,1522
1434725462,1558
1434760126,1524
1434794764,1536
1434829428,1547
1434864092,1536
1434898742,1532
1434933412,1555
1434968084,1536
1435002774,1569
1435037440,1513
1435072044,1513
1435106696,1555
1435141376,1532
1435176032,1546
1435210732,1569
1435245444,1558
1435280130,1547
1435314778,1524
1435349390,1510
1435384024,1544
1435418680,1535
1435453348,1546
1435488036,1558
1435522720,1546
1435557372,1524
1435592036,1555
1435626678,1509
1435661300,1535
1435695964,1547
1435730652,1558
1435765312,1524
1435799938,1521
1435834546,1510
1435869174,1546
1435903836,1536
1435938464,1513
1435973066,1513
1436007670,1510
1436042318,1558
1436076996,1536
1436111660,1547
1436146322,1536
1436180970,1535
1436215606,1521
1436250238,1535
1436284870,1524
1436319506,1535
1436354168,1547
1436388832,1535
1436423484,1533
1436458156,1555
1436492840,1547
1436527520,1547
1436562208,1557
1436596896,1546
1436631562,1535
1436666190,1509
1436700826,1544
1436735484,1535
1436770124,1524
1436804790,1558
1436839476,1546
1436874128,1521
1436908792,1555
1436943450,1524
1436978092,1535
1437012754,1546
1437047428,1547
1437082066,1513
1437116716,1555
1437151376,1521
1437186024,1546
1437220710,1557
1437255370,1524
1437290008,1536
1437324660,1533
1437359332,1555
1437394030,1555
1437428688,1524
1437463338,1547
1437497986,1524
1437532624,1535
1437567298,1555
1437601980,1544
1437636648,1547
1437671316,1535
1437705972,1536
1437740636,1547
1437775274,1513
1437809880,1510
1437844490,1524
1437879152,1557
1437913854,1558
1437948544,1546
1437983208,1536
1438017836,1510
1438052454,1535
1438087104,1536
1438121768,1546
1438156444,1546
1438191088,1513
1438225692,1510
1438260330,1547
1438295016,1558
1438329716,1558
1438364366,1513
1438398996,1536
1438433638,1521
1438468296,1555
1438502988,1558
1438537690,1558
1438572368,1535
1438607032,1547
1438641720,1558
1438676420,1555
1438711076,1510
1438745700,1536
1438780360,1547
1438815022,1536
1438849676,1535
1438884316,1524
1438918954,1533
1438953612,1544
1438988254,1524
1439022880,1524
1439057506,1524
1439092130,1522
1439126784,1544
1439161420,1513
1439196082,1558
1439230758,1535
1439265420,1546
1439300082,1535
1439334756,1555
1439369440,1544
1439404076,1513
1439438702,1535
1439473382,1558
1439508058,1536
1439542732,1555
1439577396,1521
1439612044,1544
1439646716,1547
1439681406,1558
1439716072,1524
1439750686,1513
1439785336,1555
1439820040,1555
1439854724,1544
1439889380,1536
1439924044,1547
1439958708,1536
1439993388,1558
1440028044,1511
1440062664,1533
1440097282,1513
1440131908,1536
1440166548,1524
1440201208,1559
1440235870,1521
1440270488,1521
1440305096,1513
1440339700,1513
1440374300,1513
1440408904,1511
1440443548,1555
1440478240,1559
1440512934,1547
1440547572,1513
1440582198,1536
1440616860,1544
1440651500,1510
1440686132,1546
1440720812,1547
1440755462,1524
1440790076,1513
1440824702,1533
1440859336,1522
1440893942,1513
1440928542,1513
1440963156,1524
1440997770,1511
1441032400,1544
1441067032,1513
1441101658,1536
1441136284,1513
1441170912,1535
1441205538,1511
1441240148,1524
1441274782,1524
1441309450,1558
1441344114,1524
1441378740,1524
1441413380,1533
1441448024,1536
1441482664,1524
1441517292,1524
1441551932,1536
