Time,Tau
4,3809806,426
746741918,426
746774032,427
746806112,403
02,426
746581416,426
746613522,427
746645610,403
746677698,426
746709806,426
746741918,426
746774032,427
746806112,403
746838248,471
746870384,403
746902442,403
746934516,417
746966620,427
746998702,403
747030790,429
747062904,427
747095014,426
747127130,426
747159212,402
747191292,426
747223406,426
747255514,426
747287626,427
747319738,426
747351846,426
747383958,426
747416072,426
747448178,426
747480290,426
747512376,403
747544432,402
747576518,426
747608624,426
747640730,426
747672842,429
747704966,438
747737084,426
747769178,406
747801238,403
747833320,426
747865434,426
747897542,426
747929628,403
747961702,415
747993794,426
748025906,427
748058018,426
748090122,426
748122234,425
748154322,403
748186376,403
748218438,402
748250522,426
748282626,426
748314736,426
748346850,426
748378956,426
748411046,403
748443134,426
748475238,426
748507338,415
748539486,471
748571642,425
748603754,426
748635862,426
748667976,426
748700090,426
748732198,426
748764358,471
748796520,426
748828626,426
748860740,427
748892836,415
748924930,426
748957042,426
748989202,471
749021350,415
749053424,403
749085506,427
749117618,425
749149730,425
749181840,426
749213952,429
749246062,426
749278170,427
749310282,427
749342390,426
749374516,438
749406616,403
749438698,426
749470826,437
749502926,403
749534980,403
749567046,402
749599114,403
749631202,426
749663314,426
749695426,426
749727532,426
749759660,438
749791766,403
749823820,403
749855910,426
749888026,426
749920130,426
749952242,429
749984354,426
750016438,403
750048526,429
750080640,426
750112742,426
750144852,426
750176958,426
750209044,403
750241106,406
750273196,427
750305310,426
750337422,426
750369530,427
750401642,426
750433754,426
750465872,437
750498000,426
750530126,437
750562258,437
750594396,437
750626494,403
750658550,402
750690638,426
750722746,426
750754858,426
750786970,426
750819078,426
750851190,426
750883302,426
750915380,404
750947442,403
750979506,403
751011560,403
751043648,426
751075758,427
751107842,403
751139906,404
751171970,403
751204058,427
751236174,426
751268260,404
751300316,403
751332378,403
751364466,426
751396552,403
751428614,404
751460678,406
751492766,426
751524846,403
751556908,406
751588996,425
751621076,403
751653136,406
751685202,403
751717260,403
751749350,426
751781466,426
751813548,402
751845634,429
751877752,426
751909858,427
751941974,426
751974082,425
752006206,438
752038332,427
752070412,402
752102498,426
752134584,403
752166662,426
752198772,426
752230862,403
752262916,403
752294978,403
752327040,403
752359102,403
752391190,426
752423276,403
752455332,403
752487390,403
752519454,406
752551518,403
752583578,404
752615640,404
752647728,426
752679836,426
752711926,406
752744014,426
752776118,426
752808248,438
752840370,426
752872482,426
752904568,403
752936630,402
752968710,426
753000798,404
753032858,403
753064938,426
753097028,406
753129118,426
753161202,403
753193266,406
753225366,437
753257460,403
753289522,406
753321610,427
753353690,403
753385766,417
753417842,402
753449898,403
753481998,440
753514102,403
753546184,426
753578302,429
753610388,403
753642444,403
753674510,406
753706610,438
753738700,403
753770802,440
753802898,403
753834952,403
753867012,405
753899074,403
753931134,403
753963194,403
753995258,403
754027350,438
754059450,403
754091512,403
754123568,403
754155628,403
754187690,403
754219768,426
754251854,402
754283918,402
754316006,426
754348094,402
754380156,403
754412246,426
754444332,403
754476406,414
754508508,426
754540596,402
754572696,438
754604792,403
754636896,437
754669024,426
754701142,437
754733242,403
754765342,437
754797460,426
754829586,440
754861690,403
754893774,427
754925862,406
754957926,403
754989982,403
755022044,406
755054130,426
755086214,403
755118278,403
755150342,403
755182396,403
755214462,402
755246526,403
755278580,403
755310640,403
755342738,438
755374856,426
755406942,403
755439002,403
755471062,402
755503126,403
755535192,406
755567252,402
755599304,403
755631408,440
755663504,403
755695562,403
755727650,429
755759762,426
755791866,426
755823976,426
755856086,426
755888200,426
755920284,403
755952340,403
755984426,426
756016538,427
756048620,403
756080720,438
756112846,426
756144930,403
756176990,403
756209052,403
756241148,437
756273244,403
756305304,403
756337362,403
756369426,403
756401514,426
756433602,403
756465666,403
756497730,406
756529788,403
756561846,403
756593910,406
756625972,403
756658030,403
756690132,438
756722234,403
756754306,414
756786406,427
756818518,426
756850596,403
756882682,429
756914796,427
756946916,437
756979054,437
757011188,437
757043290,403
757075348,403
757107456,448
757139568,403
757171630,403
757203684,402
757235744,403
757267806,405
757299864,403
757331948,426
757364064,427
757396186,437
757428288,402
757460360,415
757492480,449
757524632,437
757556782,448
757588888,403
757620988,438
757653128,438
757685238,414
757717352,438
757749454,403
757781522,403
757813584,406
757845682,438
757877782,403
757909846,406
757941942,437
757974078,438
758006216,437
758038308,403
758070368,403
758102430,403
758134486,402
758166582,438
758198682,403
758230778,438
758262918,437
758295016,403
758327122,449
758359284,448
758391408,414
758423490,415
758455564,406
758487662,436
758519794,438
758551896,406
758583958,402
758616062,448
758648222,448
758680380,448
758712492,403
758744552,403
758776632,426
758808722,403
758840786,403
758872880,438
758905020,438
758937160,438
758969266,414
759001366,429
759033478,426
759065588,426
759097676,406
759129736,403
759161794,403
759193894,440
759225992,403
759258076,426
759290192,427
759322298,427
759354410,427
759386528,427
759418632,426
759450746,427
759482872,437
759515006,437
759547104,406
759579168,403
759611236,414
759643314,403
759675416,437
759707514,402
759739578,403
759771666,426
759803750,403
759835844,426
759867958,427
759900066,426
759932154,406
759964242,426
759996326,404
760028388,406
760060448,403
760092504,403
760124578,414
760156682,426
760188778,415
760220854,403
760252914,403
760285020,448
760317134,404
760349196,403
760381262,414
760413338,403
760445400,403
760477452,403
760509514,403
760541576,402
760573638,403
760605702,403
760637766,406
760669850,426
760701954,426
760734066,426
760766178,426
760798290,426
760830402,426
760862512,426
760894626,426
760926714,403
760958792,426
760990906,426
761022992,403
761055050,403
761087138,426
761119226,403
761151294,414
761183370,404
761215434,403
761247530,437
761279628,403
761311690,403
761343746,403
761375810,402
761407898,426
761440008,426
761472124,426
761504238,426
761536346,426
761568458,427
761600570,426
761632672,426
761664782,429
761696894,427
761728998,426
761761108,426
761793214,426
761825300,402
761857386,426
761889472,403
761921524,403
761953608,427
761985712,427
762017796,403
762049858,406
762081958,437
762114056,402
762146118,406
762178218,437
762210318,403
762242406,426
762274496,403
762306580,426
762338690,426
762370800,427
762402884,403
762434972,426
762467052,403
762499114,403
762531204,427
762563310,426
762595394,403
762627482,425
762659598,437
762691702,403
762723802,438
762755924,427
762788038,427
762820150,426
762852266,437
762884390,429
762916502,427
762948582,403
762980644,406
763012732,426
763044812,403
763076898,429
763109010,426
763141118,426
763173230,426
763205346,426
763237458,426
763269570,426
763301674,426
763333798,438
763365922,426
763398030,427
763430144,429
763462258,426
763494366,427
763526480,427
763558562,403
763590618,403
763622706,429
763654820,426
763686900,403
763718960,406
763751022,403
763783108,427
763815222,429
763847336,427
763879450,426
763911562,426
763943672,426
763975786,426
764007874,403
764039956,426
764072070,426
764104184,426
764136290,426
764168402,426
764200514,425
764232618,426
764264730,429
764296842,427
764328946,426
764361058,426
764393176,426
764425290,426
764457402,426
764489506,426
764521622,426
764553734,427
764585842,426
764617930,402
764650018,426
764682126,426
764714238,429
764746354,426
764778458,426
764810570,427
764842676,427
764874790,426
764906906,426
764939014,425
764971128,426
765003242,427
765035352,427
765067466,427
765099580,427
765131692,426
765163782,406
765195872,426
765227982,426
765260096,429
765292206,427
765324320,426
765356434,426
765388542,426
765420656,427
765452770,426
765484878,426
765516990,426
765549102,426
765581206,426
765613292,406
765645378,426
765677460,403
765709522,403
765741584,403
765773666,426
765805780,426
765837896,427
765870008,426
765902124,429
765934214,403
765966272,403
765998358,429
766030470,427
766062578,426
766094692,426
766126810,426
766158922,426
766191036,426
766223142,427
766255254,426
766287366,426
766319470,426
766351558,403
766383626,404
766415706,426
766447818,426
766479906,404
766511990,427
766544082,403
766576172,426
766608252,403
766640338,426
766672450,426
766704534,403
766736636,438
766768762,426
766800870,427
766832982,427
766865090,426
766897204,427
766929320,426
766961426,426
766993514,403
767025602,426
767057686,404
767089776,427
767121890,426
767154000,426
767186114,426
767218230,426
767250338,426
767282454,429
767314566,426
767346676,427
767378790,426
767410906,427
767443030,437
767475160,427
767507270,426
767539388,426
767571502,426
767603610,426
767635724,429
767667814,403
767699874,403
767731962,429
767764466,777
767796966,426
767829128,471
767861292,426
767893398,426
767925512,429
767957624,426
767989710,403
768021802,429
768053908,426
768086014,427
768118134,437
768150254,426
768182364,426
768214474,426
768246578,426
768278690,427
768310802,426
768342906,425
768375014,426
768407126,425
768439234,426
768471346,429
768503458,427
768535538,403
768567596,406
768599658,404
768631718,403
768663802,429
768695914,427
768728018,427
768760104,406
768792166,403
768824234,414
768856306,406
768888396,427
768920552,471
768952714,426
768984798,404
769016884,426
769048994,426
769081074,403
769113138,403
769145202,404
769177256,403
769209314,403
769241406,429
769273490,403
769305576,427
769337690,426
769369770,403
769401826,403
769433900,417
769465972,403
769498024,404
769530124,440
769562262,438
769594354,403
769626418,406
769658516,438
769690652,438
769722754,403
769754840,426
769786954,426
769819066,426
769851150,403
769883240,426
769915330,403
769947416,426
769979506,403
770011568,403
770043652,426
770075768,427
770107892,438
770140034,448
770172144,406
770204204,403
770236282,426
770268380,414
770300466,414
770332532,403
770364594,403
770396656,402
770428726,414
770460802,403
770492860,403
770524930,414
770557018,415
770589136,438
770621240,413
770653316,402
770685378,403
770717434,403
770749498,403
770781586,426
770813668,402
770845728,403
770877790,404
770909876,426
770941992,426
770974106,426
771006186,402
771038288,437
771070414,426
771102522,426
771134614,403
771166676,403
771198732,403
771230830,437
771262966,437
771295098,437
771327196,406
771359262,402
771391316,403
771423376,403
771455436,403
771487492,403
771519578,427
771551664,402
771583746,426
771615834,403
771647896,402
771679966,414
771712080,438
771744184,404
771776268,426
771808396,438
771840540,437
771872634,403
771904694,403
771936758,403
771968854,438
772000954,402
772033056,438
772065148,403
772097222,414
772129298,403
772161352,403
772193426,415
772225502,402
772257556,403
772289656,438
772321758,403
772353814,403
772385900,426
772417988,403
772450042,402
772482118,414
772514192,402
772546254,404
772578356,437
772610470,414
772642586,449
772674736,437
772706858,426
772738942,403
772771042,438
772803154,414
772835238,415
772867352,440
772899452,403
772931508,403
772963568,406
772995654,427
773027736,402
773059814,417
773091918,427
773124002,403
773156088,429
773188176,403
773220254,427
773252342,406
773284410,403
773316490,426
773348576,406
773380676,437
773412768,403
773444830,406
773476906,414
773508974,403
773541036,403
773573136,437
773605230,403
773637288,402
773669360,414
773701430,402
773733530,438
773765632,403
773797710,426
773829796,402
773861856,402
773893912,402
773925974,403
773958038,403
773990096,403
774022208,448
774054322,403
774086408,426
774118494,403
774150556,403
774182634,426
774214760,438
774246862,402
774278918,403
774311006,426
774343118,426
774375200,403
774407262,403
774439320,402
774471376,403
774503436,403
774535522,426
774567610,403
774599664,403
774631728,406
774663794,402
774695896,448
774728010,406
774760106,437
774792254,448
774824380,415
774856448,403
774888548,438
774920688,437
774952786,403
774984850,403
775016952,438
775049082,437
775081182,406
775113284,438
775145376,403
775177442,406
775209544,438
775241662,426
775273750,406
775305814,404
775337874,403
775369938,403
775402002,404
775434058,403
775466158,438
775498262,403
775530318,403
775562380,403
775594472,425
775626592,438
775658718,426
775690830,426
775722914,403
775754976,406
775787066,426
775819148,403
775851238,426
775883356,427
775915440,403
775947530,429
775979640,427
776011750,426
776043860,426
776075966,426
776108078,426
776140166,403
776172228,403
776204314,426
776236438,437
776268534,403
776300624,426
776332714,402
776364768,403
776396830,403
776428892,406
776460954,402
776493046,438
776525148,406
776557206,403
776589260,403
776621322,406
776653424,438
776685516,404
776717602,429
776749714,426
776781818,426
776813908,406
776845970,403
776878024,403
776910110,429
776942196,402
776974254,403
777006316,406
777038402,427
777070482,403
777102546,403
777134610,403
777166692,426
777198806,426
777230918,427
777263002,403
777295064,404
777327124,403
777359208,426
777391298,403
777423386,425
777455468,402
777487554,426
777519640,402
777551698,403
777583800,437
777615940,437
777648038,403
777680100,406
777712162,403
777744220,403
777776320,437
777808434,414
777840506,403
777872570,403
777904634,403
777936692,403
777968752,403
778000816,402
778032874,402
778064964,426
778097078,426
778129156,403
778161218,404
778193318,438
778225414,403
778257508,427
778289620,427
778321700,403
778353798,438
778385898,403
778417954,403
778450042,426
778482126,403
8
